[(688, 566, 235), (694, 575, 227), (697, 575, 227), (700, 575, 227), (685, 574, 218), (682, 573, 218), (680, 573, 218), (708, 573, 150), (681, 570, 111), (696, 557, 204), (686, 556, 193), (739, 529, 124), (675, 520, 6), (768, 471, 126), (680, 464, 6), (786, 420, 203), (669, 439, 200), (794, 404, 232), (666, 427, 230), (790, 403, 257), (666, 434, 259), (786, 409, 213), (669, 439, 216), (736, 409, 52), (698, 408, 52), (731, 320, 83), (666, 325, 13), (732, 234, 1), (666, 242, 113), (740, 222, 2), (673, 229, 116), (711, 211, 105), (631, 219, 32)]
[(687, 565, 201), (692, 574, 195), (695, 574, 195), (699, 575, 195), (684, 572, 185), (682, 572, 185), (680, 572, 185), (707, 573, 125), (681, 569, 79), (695, 556, 173), (685, 555, 159), (739, 529, 100), (677, 520, 28), (768, 471, 93), (680, 466, 7), (786, 419, 146), (669, 442, 188), (794, 403, 169), (666, 430, 219), (790, 401, 195), (667, 436, 244), (786, 406, 156), (670, 441, 203), (736, 409, 53), (698, 408, 53), (730, 319, 96), (666, 327, 6), (732, 234, 41), (667, 242, 60), (738, 220, 43), (676, 229, 60), (711, 212, 142), (631, 220, 19)]
[(684, 563, 210), (688, 572, 203), (691, 573, 203), (695, 574, 203), (681, 571, 193), (679, 570, 193), (677, 570, 193), (705, 572, 132), (680, 567, 83), (691, 555, 181), (683, 554, 167), (738, 529, 102), (678, 520, 26), (767, 470, 93), (682, 466, 6), (786, 419, 146), (670, 443, 189), (794, 402, 168), (667, 431, 220), (790, 401, 194), (668, 438, 246), (786, 406, 156), (670, 443, 205), (736, 409, 53), (698, 408, 52), (730, 319, 91), (667, 328, 11), (731, 234, 24), (667, 241, 63), (735, 220, 25), (678, 228, 63), (711, 212, 128), (631, 220, 18)]
[(682, 562, 212), (686, 572, 206), (689, 573, 206), (693, 574, 206), (680, 570, 195), (678, 569, 195), (676, 569, 195), (703, 571, 134), (679, 566, 85), (690, 555, 184), (682, 553, 169), (738, 529, 104), (678, 520, 23), (767, 469, 95), (682, 466, 4), (786, 418, 148), (670, 443, 189), (794, 402, 170), (667, 431, 219), (791, 400, 196), (668, 439, 245), (786, 405, 158), (671, 443, 204), (736, 409, 52), (698, 408, 52), (730, 319, 91), (667, 329, 8), (730, 234, 21), (667, 241, 66), (731, 219, 22), (678, 227, 67), (712, 212, 124), (631, 220, 13)]
[(679, 561, 224), (683, 570, 220), (686, 571, 220), (689, 572, 220), (676, 569, 207), (674, 568, 207), (673, 567, 207), (700, 571, 157), (676, 565, 95), (686, 554, 199), (680, 552, 181), (737, 529, 128), (679, 520, 15), (766, 467, 120), (683, 466, 3), (785, 416, 159), (671, 443, 180), (793, 399, 186), (668, 431, 208), (790, 398, 212), (669, 438, 234), (786, 404, 169), (671, 443, 196), (736, 409, 53), (698, 408, 53), (729, 318, 92), (667, 329, 13), (728, 233, 28), (667, 241, 59), (728, 218, 30), (679, 227, 60), (712, 213, 131), (631, 220, 20)]
[(672, 557, 206), (675, 566, 208), (678, 568, 208), (681, 569, 208), (670, 564, 190), (668, 564, 190), (667, 563, 190), (692, 569, 159), (673, 563, 85), (680, 551, 188), (674, 549, 165), (736, 528, 134), (678, 520, 21), (761, 467, 125), (684, 465, 26), (780, 416, 163), (671, 442, 135), (788, 399, 186), (667, 430, 159), (786, 398, 210), (668, 436, 186), (781, 403, 172), (671, 440, 150), (736, 409, 56), (699, 409, 56), (729, 318, 101), (667, 329, 16), (726, 232, 46), (667, 241, 48), (725, 217, 48), (679, 227, 49), (711, 213, 149), (631, 220, 28)]
[(668, 552, 177), (670, 562, 180), (673, 563, 180), (675, 565, 180), (665, 560, 161), (664, 559, 161), (663, 559, 161), (686, 567, 148), (672, 560, 57), (677, 547, 161), (671, 544, 135), (733, 528, 133), (677, 519, 48), (756, 468, 126), (683, 465, 60), (771, 422, 166), (671, 440, 98), (779, 405, 190), (667, 429, 122), (775, 406, 213), (668, 433, 148), (770, 411, 175), (670, 437, 113), (735, 412, 60), (699, 411, 60), (727, 322, 112), (669, 330, 17), (726, 232, 66), (668, 241, 35), (726, 217, 69), (679, 227, 34), (710, 213, 170), (632, 220, 44)]
[(662, 548, 187), (664, 557, 191), (667, 559, 191), (669, 560, 191), (660, 555, 172), (659, 554, 172), (659, 554, 172), (679, 563, 162), (669, 556, 68), (672, 543, 171), (667, 540, 145), (729, 528, 145), (676, 517, 40), (750, 466, 141), (684, 464, 53), (764, 415, 167), (670, 439, 98), (772, 398, 189), (667, 428, 119), (768, 397, 210), (667, 431, 147), (763, 401, 175), (669, 434, 114), (735, 411, 61), (699, 410, 61), (727, 322, 105), (669, 330, 11), (723, 232, 48), (668, 241, 52), (722, 217, 50), (679, 227, 53), (715, 213, 153), (632, 220, 27)]
[(662, 545, 166), (663, 555, 173), (665, 557, 173), (668, 558, 173), (659, 553, 151), (659, 552, 151), (658, 552, 151), (678, 561, 160), (669, 555, 52), (671, 541, 155), (667, 537, 126), (728, 528, 140), (676, 516, 49), (749, 466, 141), (684, 463, 64), (763, 412, 165), (670, 438, 83), (771, 395, 185), (665, 428, 104), (766, 393, 206), (665, 431, 131), (762, 398, 172), (668, 435, 100), (734, 410, 62), (700, 409, 62), (727, 322, 108), (669, 329, 10), (723, 233, 55), (668, 240, 49), (723, 219, 57), (679, 226, 48), (715, 213, 159), (631, 221, 28)]
[(656, 544, 112), (657, 553, 123), (659, 555, 124), (661, 556, 124), (655, 551, 98), (654, 551, 98), (654, 551, 98), (672, 560, 126), (666, 554, 9), (666, 539, 109), (663, 536, 76), (724, 528, 137), (675, 515, 95), (744, 466, 140), (684, 461, 137), (757, 411, 158), (669, 438, 27), (765, 392, 180), (664, 427, 15), (759, 390, 197), (664, 430, 12), (756, 396, 164), (666, 434, 12), (733, 410, 67), (700, 407, 67), (727, 318, 109), (669, 328, 16), (722, 232, 61), (669, 238, 50), (726, 215, 64), (679, 225, 52), (714, 212, 160), (631, 221, 10)]
[(650, 541, 155), (650, 551, 160), (652, 552, 160), (654, 554, 160), (647, 548, 140), (647, 548, 140), (647, 548, 140), (665, 558, 157), (658, 552, 42), (660, 537, 141), (657, 534, 116), (716, 527, 165), (674, 514, 66), (734, 465, 168), (684, 460, 102), (747, 411, 174), (669, 438, 13), (754, 392, 195), (664, 428, 26), (748, 390, 207), (663, 430, 54), (744, 396, 178), (666, 434, 29), (727, 410, 69), (700, 407, 70), (724, 321, 118), (671, 327, 20), (722, 237, 70), (672, 241, 58), (728, 223, 72), (679, 226, 59), (710, 216, 166), (631, 221, 2)]
[(646, 538, 130), (645, 547, 139), (647, 549, 139), (649, 551, 139), (642, 545, 115), (642, 545, 115), (643, 545, 115), (661, 556, 136), (654, 550, 25), (657, 534, 123), (653, 532, 93), (710, 527, 151), (672, 513, 84), (730, 463, 155), (684, 460, 144), (742, 410, 164), (668, 435, 62), (749, 391, 186), (664, 425, 54), (741, 389, 198), (663, 427, 25), (738, 394, 167), (666, 430, 47), (726, 409, 68), (700, 406, 68), (725, 321, 117), (675, 325, 31), (724, 236, 59), (673, 240, 66), (729, 223, 61), (679, 225, 65), (709, 215, 158), (632, 221, 1)]
[(637, 536, 94), (636, 545, 109), (638, 547, 109), (640, 549, 109), (634, 543, 82), (635, 543, 82), (635, 544, 82), (651, 554, 128), (647, 549, 6), (649, 533, 98), (647, 530, 63), (700, 526, 162), (671, 512, 95), (721, 462, 189), (685, 459, 139), (731, 405, 181), (667, 431, 49), (737, 386, 206), (662, 421, 43), (727, 384, 209), (662, 422, 14), (725, 390, 181), (663, 426, 34), (725, 403, 76), (703, 400, 76), (704, 322, 82), (700, 319, 84), (687, 236, 30), (708, 239, 117), (700, 223, 30), (720, 224, 117), (644, 219, 104), (671, 215, 63)]
[(638, 534, 129), (637, 544, 138), (639, 545, 138), (640, 547, 138), (635, 541, 113), (635, 541, 113), (635, 541, 113), (651, 552, 132), (646, 547, 22), (649, 531, 123), (646, 528, 92), (699, 524, 167), (670, 512, 96), (720, 458, 190), (685, 458, 118), (728, 403, 187), (667, 431, 11), (734, 384, 212), (662, 421, 24), (726, 382, 218), (661, 423, 52), (723, 389, 188), (663, 427, 27), (726, 402, 81), (704, 400, 81), (697, 322, 84), (705, 319, 72), (672, 236, 30), (725, 238, 111), (680, 222, 30), (730, 220, 110), (635, 222, 111), (680, 216, 48)]
[(633, 532, 133), (632, 541, 143), (634, 543, 143), (636, 544, 143), (630, 539, 117), (630, 539, 117), (630, 539, 117), (647, 550, 137), (641, 546, 26), (644, 529, 129), (642, 526, 96), (693, 523, 179), (669, 512, 96), (714, 458, 208), (685, 456, 142), (720, 400, 205), (667, 428, 44), (724, 378, 232), (662, 417, 37), (715, 377, 238), (661, 418, 7), (714, 385, 205), (663, 423, 28), (723, 400, 83), (705, 398, 83), (698, 322, 85), (696, 319, 75), (690, 237, 29), (707, 236, 114), (698, 222, 29), (713, 217, 113), (643, 223, 111), (658, 220, 50)]
[(627, 528, 101), (625, 537, 113), (627, 538, 113), (628, 540, 113), (623, 535, 86), (624, 535, 86), (624, 535, 86), (639, 547, 123), (634, 543, 1), (638, 526, 102), (636, 524, 66), (686, 523, 170), (666, 510, 112), (705, 457, 208), (686, 455, 162), (708, 398, 210), (678, 418, 82), (712, 377, 240), (678, 404, 78), (705, 376, 242), (674, 405, 47), (704, 383, 210), (675, 411, 66), (722, 401, 84), (705, 399, 84), (702, 323, 106), (692, 319, 57), (716, 238, 62), (685, 235, 83), (712, 223, 64), (694, 217, 80), (658, 218, 147), (640, 223, 13)]
[(622, 526, 115), (620, 534, 127), (621, 536, 127), (623, 538, 127), (618, 532, 100), (618, 533, 100), (619, 533, 100), (633, 545, 140), (629, 541, 16), (633, 524, 115), (631, 522, 80), (681, 522, 192), (663, 509, 99), (693, 456, 224), (685, 454, 147), (697, 396, 213), (681, 411, 69), (700, 376, 242), (682, 396, 68), (693, 376, 243), (675, 397, 37), (692, 382, 212), (679, 403, 54), (720, 402, 86), (704, 400, 87), (704, 326, 123), (681, 328, 59), (724, 236, 85), (663, 241, 89), (727, 221, 87), (674, 223, 87), (670, 215, 174), (627, 226, 26)]
[(616, 520, 87), (614, 529, 104), (615, 531, 104), (616, 532, 104), (612, 528, 73), (613, 528, 73), (613, 529, 73), (626, 540, 138), (623, 537, 1), (627, 519, 97), (625, 517, 56), (671, 519, 202), (660, 510, 115), (682, 452, 233), (685, 453, 157), (676, 393, 209), (680, 396, 87), (679, 375, 235), (678, 381, 90), (673, 374, 223), (676, 383, 59), (672, 380, 200), (678, 386, 71), (716, 403, 95), (704, 400, 95), (703, 323, 103), (668, 331, 109), (728, 234, 45), (661, 243, 168), (740, 219, 44), (672, 229, 170), (693, 215, 120), (622, 229, 121)]
[(615, 519, 87), (613, 528, 102), (614, 529, 102), (616, 531, 102), (612, 526, 73), (613, 527, 73), (613, 527, 73), (626, 539, 126), (623, 535, 7), (626, 518, 92), (625, 516, 54), (670, 519, 189), (658, 509, 127), (681, 452, 224), (685, 452, 168), (676, 393, 206), (683, 397, 88), (678, 376, 229), (680, 382, 88), (672, 375, 218), (679, 384, 55), (672, 381, 195), (681, 387, 71), (717, 406, 95), (704, 402, 95), (700, 324, 102), (677, 331, 95), (722, 235, 45), (666, 244, 138), (735, 220, 45), (681, 227, 137), (677, 216, 124), (627, 228, 78)]
[(613, 518, 72), (611, 526, 87), (612, 528, 87), (613, 530, 87), (610, 525, 56), (610, 525, 56), (610, 526, 56), (623, 538, 111), (620, 534, 28), (623, 517, 78), (622, 515, 38), (668, 519, 183), (655, 510, 142), (677, 451, 215), (682, 451, 184), (666, 394, 196), (679, 397, 103), (666, 377, 221), (676, 378, 102), (661, 376, 213), (669, 375, 70), (661, 382, 189), (671, 382, 86), (715, 406, 97), (699, 403, 97), (696, 325, 141), (649, 343, 2), (727, 235, 73), (663, 246, 65), (739, 222, 70), (672, 232, 67), (700, 216, 155), (624, 228, 4)]
[(607, 515, 37), (605, 524, 54), (606, 526, 54), (607, 528, 54), (603, 522, 23), (604, 522, 23), (604, 523, 23), (617, 536, 86), (614, 531, 51), (618, 515, 46), (617, 513, 6), (662, 518, 161), (651, 509, 157), (671, 452, 204), (677, 451, 202), (660, 401, 156), (674, 403, 133), (659, 389, 178), (673, 386, 133), (653, 390, 175), (668, 386, 105), (654, 395, 152), (669, 392, 118), (709, 406, 96), (696, 404, 97), (690, 324, 127), (655, 339, 11), (727, 236, 79), (665, 246, 45), (741, 223, 78), (673, 231, 44), (703, 216, 151), (625, 226, 14)]
[(605, 515, 63), (602, 523, 77), (604, 525, 77), (605, 527, 77), (601, 521, 48), (601, 521, 48), (601, 522, 48), (614, 535, 98), (610, 530, 33), (615, 514, 68), (613, 512, 30), (659, 518, 163), (644, 508, 145), (667, 452, 205), (670, 450, 186), (654, 403, 168), (657, 399, 102), (653, 392, 192), (651, 380, 99), (648, 393, 193), (649, 380, 68), (648, 396, 167), (651, 386, 85), (708, 408, 96), (693, 407, 96), (684, 324, 126), (660, 338, 21), (722, 238, 71), (667, 246, 67), (734, 227, 72), (679, 236, 67), (702, 216, 141), (626, 226, 4)]
[(603, 513, 49), (600, 521, 63), (601, 523, 63), (602, 525, 63), (598, 519, 34), (598, 519, 34), (598, 519, 34), (611, 533, 88), (607, 527, 45), (613, 512, 55), (611, 509, 16), (655, 518, 158), (643, 506, 155), (662, 452, 207), (666, 445, 196), (646, 403, 179), (646, 393, 111), (639, 391, 203), (632, 375, 107), (638, 392, 201), (629, 375, 77), (640, 396, 177), (633, 382, 95), (707, 410, 97), (693, 407, 97), (679, 324, 130), (662, 337, 30), (711, 239, 96), (676, 245, 63), (732, 227, 97), (698, 235, 61), (682, 216, 169), (631, 225, 3)]
[(603, 512, 61), (600, 522, 75), (601, 523, 75), (603, 525, 75), (598, 519, 49), (598, 519, 49), (598, 519, 49), (612, 533, 96), (606, 526, 29), (613, 511, 66), (611, 509, 31), (656, 517, 169), (643, 505, 146), (662, 449, 212), (663, 442, 187), (643, 401, 184), (639, 388, 95), (635, 390, 209), (627, 372, 90), (636, 391, 208), (624, 372, 60), (637, 395, 182), (628, 379, 78), (708, 410, 99), (693, 408, 99), (681, 322, 132), (663, 333, 43), (709, 239, 93), (678, 245, 76), (731, 227, 94), (695, 234, 75), (668, 216, 171), (634, 225, 19)]
[(601, 511, 71), (599, 520, 84), (600, 522, 84), (601, 524, 84), (597, 518, 57), (597, 518, 57), (596, 518, 57), (610, 532, 102), (605, 525, 25), (611, 510, 74), (609, 507, 38), (653, 514, 174), (642, 504, 144), (660, 445, 210), (663, 442, 186), (640, 399, 179), (641, 392, 91), (634, 387, 204), (634, 377, 87), (631, 388, 203), (629, 377, 57), (631, 392, 177), (632, 383, 74), (709, 410, 101), (692, 409, 101), (682, 320, 148), (662, 331, 94), (711, 235, 136), (672, 245, 145), (730, 221, 140), (682, 233, 146), (672, 215, 224), (632, 225, 102)]
[(600, 509, 125), (597, 518, 136), (598, 520, 136), (599, 522, 136), (595, 516, 107), (595, 515, 107), (595, 515, 107), (608, 530, 138), (603, 522, 10), (611, 508, 123), (608, 505, 86), (650, 510, 196), (642, 504, 136), (659, 442, 218), (662, 442, 181), (631, 396, 183), (635, 394, 85), (624, 384, 209), (628, 379, 83), (619, 386, 209), (621, 379, 50), (622, 390, 180), (626, 386, 68), (709, 410, 103), (692, 409, 103), (683, 319, 148), (661, 331, 101), (710, 230, 133), (670, 245, 169), (724, 215, 137), (680, 232, 172), (673, 213, 224), (631, 225, 126)]
[(598, 507, 109), (594, 516, 121), (596, 518, 121), (597, 520, 121), (593, 514, 92), (593, 514, 92), (593, 514, 92), (606, 528, 145), (602, 522, 9), (608, 506, 111), (606, 504, 73), (647, 507, 213), (643, 504, 123), (658, 439, 234), (662, 442, 171), (629, 395, 184), (632, 395, 81), (621, 383, 212), (624, 382, 82), (616, 386, 210), (618, 382, 49), (619, 390, 181), (622, 388, 64), (708, 410, 104), (692, 409, 104), (683, 317, 140), (661, 329, 138), (705, 227, 118), (670, 244, 217), (716, 209, 122), (678, 229, 221), (667, 211, 204), (631, 225, 185)]
[(596, 506, 121), (593, 515, 133), (594, 517, 133), (595, 519, 133), (591, 513, 104), (590, 512, 104), (590, 512, 104), (604, 527, 143), (599, 520, 11), (606, 505, 122), (604, 502, 83), (646, 506, 203), (642, 504, 124), (659, 440, 226), (663, 442, 172), (632, 395, 181), (637, 397, 77), (627, 384, 208), (630, 386, 76), (622, 387, 206), (626, 390, 44), (623, 391, 178), (629, 393, 60), (707, 410, 105), (691, 409, 105), (683, 316, 139), (661, 329, 114), (697, 223, 123), (672, 243, 176), (708, 205, 126), (679, 227, 179), (657, 209, 209), (634, 224, 136)]
[(596, 505, 93), (593, 514, 109), (594, 515, 109), (595, 517, 109), (591, 511, 78), (591, 511, 78), (591, 511, 78), (604, 526, 138), (600, 519, 3), (607, 503, 102), (605, 501, 61), (645, 505, 201), (643, 504, 128), (659, 439, 226), (664, 442, 174), (631, 395, 180), (637, 399, 79), (626, 384, 208), (629, 389, 78), (621, 388, 204), (624, 392, 46), (622, 392, 177), (629, 395, 62), (707, 410, 105), (691, 409, 106), (682, 316, 138), (661, 328, 123), (696, 222, 114), (672, 240, 190), (707, 204, 117), (679, 224, 194), (656, 208, 198), (635, 223, 155)]
[(596, 503, 86), (592, 512, 101), (593, 513, 101), (594, 516, 101), (591, 509, 72), (591, 509, 72), (591, 509, 72), (604, 524, 129), (599, 518, 1), (607, 502, 93), (605, 500, 54), (644, 504, 196), (643, 504, 132), (660, 438, 203), (665, 442, 178), (632, 396, 142), (638, 405, 88), (627, 386, 165), (634, 393, 88), (622, 391, 164), (626, 399, 58), (624, 395, 138), (631, 402, 72), (706, 410, 104), (692, 409, 104), (682, 316, 128), (665, 327, 142), (690, 220, 111), (675, 239, 208), (700, 202, 113), (690, 224, 211), (649, 209, 193), (638, 223, 176)]
[(595, 502, 55), (592, 510, 72), (593, 512, 72), (594, 514, 72), (591, 508, 42), (591, 508, 42), (591, 508, 42), (603, 522, 107), (600, 517, 23), (606, 500, 66), (604, 498, 27), (642, 502, 180), (644, 504, 139), (661, 438, 198), (665, 442, 180), (634, 396, 141), (639, 407, 93), (630, 387, 164), (634, 393, 93), (624, 392, 160), (627, 400, 65), (627, 395, 137), (631, 404, 78), (705, 408, 104), (692, 408, 104), (682, 315, 123), (667, 326, 132), (688, 219, 109), (677, 239, 191), (699, 201, 112), (689, 224, 194), (647, 209, 183), (637, 223, 161)]
[(594, 502, 70), (591, 510, 84), (592, 511, 84), (593, 513, 84), (590, 508, 55), (590, 508, 55), (590, 508, 55), (602, 521, 118), (599, 516, 20), (604, 500, 74), (603, 498, 38), (642, 501, 187), (642, 503, 134), (661, 436, 205), (664, 442, 179), (636, 396, 154), (637, 407, 95), (632, 387, 178), (630, 396, 95), (626, 393, 176), (626, 402, 66), (628, 396, 150), (629, 404, 80), (705, 406, 104), (692, 407, 104), (683, 312, 130), (666, 324, 120), (688, 218, 121), (674, 237, 178), (699, 199, 124), (687, 224, 181), (648, 204, 198), (637, 223, 144)]
[(593, 499, 48), (590, 507, 66), (591, 509, 66), (592, 510, 66), (589, 506, 36), (589, 506, 36), (589, 507, 36), (601, 518, 110), (598, 515, 26), (603, 497, 61), (601, 496, 22), (640, 499, 181), (642, 503, 134), (660, 434, 198), (663, 442, 181), (637, 396, 130), (637, 408, 118), (633, 387, 151), (630, 399, 120), (627, 392, 148), (626, 403, 93), (629, 396, 126), (628, 405, 103), (705, 401, 104), (693, 404, 104), (683, 308, 119), (666, 320, 133), (686, 216, 111), (674, 236, 201), (699, 196, 113), (686, 224, 205), (647, 200, 177), (637, 222, 175)]
[(592, 499, 40), (589, 507, 58), (590, 508, 58), (590, 509, 58), (588, 505, 28), (588, 506, 28), (588, 506, 28), (600, 518, 102), (597, 514, 32), (601, 497, 54), (600, 495, 15), (638, 499, 180), (642, 502, 136), (659, 435, 200), (663, 442, 177), (637, 395, 135), (637, 408, 106), (633, 386, 157), (637, 398, 107), (628, 391, 153), (626, 402, 79), (630, 394, 130), (629, 404, 91), (705, 401, 104), (694, 403, 104), (683, 307, 111), (667, 320, 143), (686, 215, 98), (674, 236, 218), (698, 196, 100), (687, 224, 223), (646, 200, 163), (639, 217, 196)]
[(590, 498, 42), (587, 505, 60), (588, 507, 60), (588, 508, 60), (586, 504, 30), (586, 504, 30), (586, 505, 30), (597, 517, 104), (595, 513, 31), (599, 496, 56), (598, 494, 17), (637, 499, 180), (639, 500, 136), (657, 436, 190), (662, 441, 166), (638, 396, 96), (637, 408, 88), (634, 386, 115), (638, 395, 89), (628, 391, 112), (630, 397, 64), (630, 394, 91), (629, 404, 74), (706, 401, 103), (694, 403, 103), (683, 307, 119), (667, 321, 153), (686, 215, 125), (674, 236, 236), (698, 196, 128), (687, 225, 242), (646, 199, 194), (638, 217, 215)]
[(588, 495, 33), (586, 503, 50), (586, 505, 50), (587, 507, 50), (585, 502, 20), (585, 502, 20), (584, 502, 20), (597, 516, 95), (593, 511, 40), (598, 494, 47), (597, 492, 8), (637, 500, 175), (637, 498, 142), (656, 436, 192), (661, 440, 172), (636, 396, 128), (636, 407, 94), (632, 386, 155), (632, 394, 94), (628, 390, 144), (628, 396, 68), (629, 395, 122), (629, 403, 79), (707, 402, 103), (694, 403, 103), (683, 308, 120), (666, 322, 151), (684, 215, 124), (674, 236, 230), (697, 197, 128), (687, 225, 235), (646, 199, 195), (638, 219, 208)]
[(588, 493, 25), (585, 501, 42), (585, 503, 42), (586, 505, 42), (584, 500, 11), (584, 500, 11), (584, 501, 11), (595, 514, 90), (592, 510, 46), (597, 492, 40), (596, 490, 0), (635, 500, 173), (637, 497, 146), (655, 436, 199), (661, 439, 174), (636, 396, 158), (637, 402, 96), (633, 385, 186), (632, 389, 98), (628, 389, 177), (628, 391, 71), (630, 394, 153), (629, 396, 82), (707, 402, 103), (695, 403, 103), (683, 308, 114), (667, 322, 151), (684, 215, 112), (673, 236, 230), (695, 198, 115), (687, 225, 236), (646, 199, 177), (638, 219, 209)]
[(588, 491, 10), (584, 499, 27), (585, 501, 27), (586, 503, 27), (583, 498, 2), (584, 498, 2), (584, 499, 2), (595, 512, 75), (592, 508, 60), (597, 490, 26), (596, 488, 13), (633, 500, 164), (636, 497, 160), (653, 438, 200), (660, 439, 193), (636, 397, 167), (638, 403, 124), (633, 385, 194), (636, 388, 129), (628, 389, 185), (630, 390, 102), (630, 394, 161), (630, 395, 110), (708, 402, 104), (696, 403, 104), (683, 309, 116), (669, 322, 153), (684, 214, 117), (673, 235, 231), (695, 197, 121), (688, 224, 236), (646, 199, 180), (638, 219, 208)]
[(586, 491, 8), (583, 499, 25), (584, 501, 25), (585, 502, 25), (582, 497, 4), (583, 498, 4), (583, 498, 4), (593, 511, 75), (591, 507, 60), (596, 490, 24), (595, 488, 15), (631, 500, 163), (636, 497, 161), (653, 440, 201), (659, 439, 194), (636, 397, 169), (638, 402, 125), (634, 385, 197), (639, 388, 130), (629, 388, 188), (632, 389, 103), (630, 394, 164), (630, 395, 111), (709, 403, 104), (697, 404, 104), (684, 309, 108), (672, 321, 161), (684, 213, 106), (676, 235, 242), (696, 197, 109), (689, 223, 247), (647, 199, 168), (639, 219, 219)]
[(586, 488, 0), (583, 497, 16), (583, 498, 17), (584, 500, 17), (582, 495, 13), (582, 495, 13), (582, 496, 13), (592, 510, 69), (590, 505, 66), (595, 488, 16), (595, 486, 23), (630, 500, 161), (635, 495, 163), (651, 443, 203), (658, 439, 197), (636, 398, 184), (638, 401, 133), (634, 385, 213), (640, 387, 139), (629, 388, 204), (633, 389, 112), (630, 394, 179), (632, 394, 119), (710, 404, 104), (697, 404, 104), (686, 309, 106), (672, 320, 158), (685, 213, 100), (676, 233, 237), (696, 197, 102), (689, 222, 243), (647, 198, 163), (639, 218, 214)]
[(586, 485, 8), (582, 493, 9), (583, 494, 9), (583, 496, 9), (581, 492, 20), (581, 492, 20), (581, 493, 20), (592, 506, 62), (590, 502, 72), (595, 485, 9), (594, 483, 29), (629, 499, 157), (634, 493, 168), (648, 442, 201), (657, 438, 202), (636, 397, 174), (639, 400, 145), (636, 384, 202), (640, 384, 152), (632, 387, 194), (634, 387, 126), (631, 393, 170), (634, 393, 132), (710, 404, 104), (697, 403, 104), (687, 309, 104), (672, 320, 144), (685, 213, 89), (674, 231, 219), (696, 197, 90), (689, 219, 225), (647, 197, 150), (639, 215, 192)]
[(585, 482, 17), (581, 490, 1), (582, 491, 1), (582, 493, 1), (580, 489, 28), (580, 489, 28), (581, 490, 28), (591, 503, 59), (589, 500, 74), (595, 482, 2), (594, 481, 36), (629, 498, 157), (634, 493, 168), (646, 443, 199), (656, 437, 199), (636, 396, 167), (643, 399, 146), (638, 382, 193), (643, 382, 154), (634, 384, 182), (639, 384, 129), (633, 390, 161), (639, 389, 133), (711, 404, 104), (698, 403, 104), (687, 310, 102), (673, 320, 147), (685, 212, 90), (674, 230, 224), (695, 197, 90), (689, 219, 229), (648, 196, 147), (639, 215, 200)]
[(584, 479, 36), (580, 487, 17), (580, 488, 17), (581, 489, 17), (579, 486, 47), (580, 487, 47), (580, 488, 47), (589, 500, 46), (588, 497, 88), (594, 479, 15), (594, 478, 54), (627, 496, 149), (634, 493, 175), (643, 442, 196), (657, 437, 204), (640, 394, 160), (648, 398, 164), (642, 381, 184), (648, 382, 176), (638, 383, 172), (643, 382, 152), (638, 388, 154), (646, 389, 152), (712, 404, 104), (700, 403, 104), (687, 310, 100), (675, 320, 140), (685, 212, 89), (674, 229, 206), (695, 198, 89), (684, 217, 210), (648, 195, 144), (639, 214, 181)]
[(584, 479, 39), (579, 486, 19), (580, 487, 19), (580, 489, 19), (579, 486, 50), (579, 486, 50), (579, 487, 50), (589, 499, 42), (588, 497, 92), (594, 479, 18), (593, 477, 57), (626, 496, 147), (634, 492, 183), (643, 442, 197), (657, 436, 212), (641, 393, 167), (650, 395, 170), (643, 381, 192), (648, 381, 182), (639, 383, 179), (642, 380, 158), (639, 388, 161), (646, 386, 158), (712, 404, 107), (702, 403, 107), (686, 312, 102), (675, 321, 139), (685, 212, 92), (674, 230, 209), (695, 198, 93), (684, 217, 215), (648, 196, 148), (640, 214, 191)]
[(583, 476, 41), (578, 484, 22), (579, 485, 22), (579, 486, 22), (578, 483, 53), (578, 484, 53), (578, 485, 52), (587, 496, 39), (587, 495, 94), (592, 476, 19), (593, 475, 58), (624, 495, 146), (634, 491, 183), (643, 436, 189), (659, 432, 211), (645, 388, 152), (653, 390, 162), (647, 376, 176), (649, 376, 173), (643, 376, 166), (646, 376, 149), (643, 381, 147), (647, 382, 150), (712, 405, 107), (702, 403, 107), (686, 312, 112), (675, 321, 135), (685, 212, 104), (674, 230, 209), (695, 198, 105), (682, 217, 215), (648, 196, 157), (642, 214, 190)]
[(583, 472, 40), (578, 480, 23), (579, 482, 23), (579, 483, 23), (578, 480, 52), (578, 480, 52), (578, 481, 52), (588, 493, 34), (587, 491, 98), (593, 473, 20), (593, 472, 59), (624, 491, 139), (634, 488, 185), (643, 433, 192), (660, 432, 215), (651, 387, 184), (656, 386, 172), (654, 375, 209), (657, 373, 185), (652, 375, 199), (651, 372, 161), (651, 380, 179), (652, 379, 160), (715, 405, 107), (702, 402, 107), (691, 312, 126), (673, 321, 103), (689, 212, 119), (672, 230, 159), (698, 198, 120), (679, 215, 162), (654, 196, 179), (641, 213, 131)]
[(584, 470, 36), (578, 477, 18), (579, 479, 18), (580, 480, 18), (578, 477, 48), (578, 477, 48), (578, 478, 48), (588, 489, 41), (587, 488, 91), (593, 470, 16), (593, 469, 54), (624, 487, 143), (633, 485, 180), (643, 429, 193), (660, 430, 214), (653, 381, 177), (657, 379, 174), (653, 369, 202), (655, 366, 187), (651, 369, 193), (651, 365, 162), (651, 372, 172), (652, 371, 162), (716, 404, 106), (702, 402, 106), (695, 311, 112), (673, 322, 106), (692, 212, 86), (672, 230, 167), (699, 198, 86), (680, 217, 170), (656, 196, 142), (641, 213, 140)]
[(582, 466, 17), (577, 474, 1), (578, 475, 1), (579, 477, 1), (577, 473, 30), (577, 473, 30), (577, 474, 30), (587, 486, 46), (586, 483, 78), (591, 466, 0), (591, 465, 36), (624, 481, 146), (633, 476, 164), (645, 422, 182), (663, 419, 190), (658, 374, 137), (661, 367, 134), (657, 361, 156), (656, 353, 141), (654, 360, 151), (652, 351, 119), (656, 364, 133), (655, 358, 122), (716, 401, 103), (701, 401, 103), (695, 311, 136), (663, 320, 110), (692, 212, 137), (669, 246, 178), (699, 199, 139), (678, 235, 183), (655, 196, 201), (638, 221, 154)]
[(581, 465, 23), (577, 473, 7), (578, 475, 7), (579, 476, 7), (576, 472, 36), (576, 472, 36), (576, 473, 36), (587, 486, 43), (585, 482, 85), (591, 465, 6), (590, 463, 44), (624, 482, 137), (632, 474, 170), (645, 421, 174), (663, 415, 200), (658, 375, 141), (662, 366, 151), (660, 362, 161), (657, 349, 159), (655, 362, 156), (653, 347, 138), (656, 365, 137), (655, 354, 139), (718, 400, 102), (701, 400, 102), (696, 310, 138), (662, 320, 115), (691, 212, 140), (663, 255, 195), (699, 199, 142), (671, 245, 202), (655, 196, 205), (636, 225, 184)]
[(581, 462, 1), (577, 470, 17), (578, 471, 17), (579, 473, 17), (576, 469, 11), (576, 469, 11), (576, 470, 11), (587, 482, 69), (585, 479, 57), (591, 461, 15), (590, 460, 21), (623, 477, 139), (631, 473, 138), (646, 417, 149), (663, 416, 164), (658, 377, 54), (666, 370, 119), (658, 365, 62), (669, 355, 127), (655, 365, 59), (665, 355, 108), (655, 369, 49), (664, 360, 108), (719, 400, 95), (701, 400, 95), (696, 310, 133), (658, 326, 154), (691, 213, 132), (646, 275, 260), (699, 199, 134), (652, 265, 269), (655, 197, 194), (610, 256, 260)]
[(581, 456, 0), (577, 463, 18), (578, 465, 18), (578, 466, 18), (576, 463, 8), (576, 463, 8), (576, 464, 8), (587, 476, 70), (585, 473, 53), (591, 456, 17), (590, 455, 19), (623, 474, 142), (629, 466, 135), (645, 415, 145), (659, 408, 159), (656, 378, 51), (665, 367, 107), (659, 364, 58), (665, 352, 115), (657, 365, 56), (661, 352, 97), (656, 368, 46), (662, 359, 97), (720, 400, 92), (700, 400, 92), (697, 310, 130), (660, 330, 168), (691, 213, 127), (647, 275, 270), (699, 200, 129), (653, 264, 279), (654, 197, 188), (611, 257, 267)]
[(581, 453, 3), (576, 461, 22), (577, 462, 22), (578, 463, 23), (575, 460, 3), (575, 460, 3), (575, 461, 3), (586, 473, 71), (583, 470, 47), (590, 453, 19), (589, 451, 15), (622, 470, 143), (627, 462, 130), (644, 415, 128), (661, 412, 107), (654, 385, 3), (669, 371, 4), (658, 380, 1), (678, 364, 2), (656, 386, 3), (675, 367, 14), (653, 380, 8), (669, 366, 12), (721, 400, 91), (699, 399, 91), (698, 309, 122), (661, 330, 172), (691, 213, 134), (649, 267, 257), (699, 200, 137), (657, 256, 263), (654, 195, 193), (611, 252, 249)]
[(579, 448, 31), (575, 455, 51), (575, 456, 51), (576, 457, 51), (574, 454, 23), (574, 455, 23), (574, 456, 23), (585, 467, 104), (582, 465, 19), (589, 447, 49), (588, 447, 12), (620, 464, 170), (626, 461, 102), (644, 405, 145), (666, 411, 111), (660, 363, 67), (676, 371, 48), (664, 354, 79), (687, 357, 53), (663, 355, 75), (685, 358, 33), (661, 356, 62), (684, 361, 38), (721, 399, 90), (699, 398, 90), (699, 306, 110), (657, 354, 211), (691, 212, 112), (652, 314, 314), (698, 200, 113), (660, 306, 322), (654, 196, 170), (623, 299, 312)]
[(579, 447, 23), (574, 454, 43), (575, 455, 43), (576, 456, 43), (574, 453, 16), (574, 454, 16), (574, 455, 16), (584, 466, 94), (582, 464, 28), (588, 446, 39), (588, 445, 4), (619, 463, 164), (625, 461, 112), (644, 406, 152), (667, 413, 113), (659, 366, 47), (687, 376, 40), (662, 358, 55), (694, 368, 44), (661, 360, 52), (692, 369, 28), (660, 362, 42), (690, 372, 31), (722, 397, 91), (700, 397, 91), (699, 305, 113), (658, 347, 182), (691, 212, 128), (654, 290, 270), (698, 199, 131), (662, 279, 278), (651, 196, 190), (623, 272, 260)]
[(578, 445, 24), (574, 452, 43), (574, 453, 43), (575, 455, 43), (573, 451, 16), (573, 452, 16), (573, 452, 16), (583, 464, 91), (581, 462, 30), (588, 445, 39), (587, 443, 3), (619, 460, 162), (624, 458, 119), (645, 402, 154), (663, 409, 127), (659, 367, 45), (679, 377, 59), (665, 357, 54), (686, 368, 65), (665, 360, 50), (684, 370, 49), (664, 362, 40), (682, 373, 50), (722, 397, 91), (701, 397, 91), (699, 306, 110), (658, 343, 172), (691, 212, 123), (655, 278, 263), (699, 199, 125), (663, 263, 273), (651, 196, 180), (624, 246, 256)]
[(577, 442, 17), (573, 449, 37), (574, 450, 37), (575, 451, 37), (572, 448, 9), (572, 449, 9), (573, 449, 9), (583, 461, 89), (580, 459, 35), (587, 442, 34), (587, 440, 2), (618, 457, 162), (623, 455, 126), (646, 400, 157), (659, 404, 162), (663, 361, 60), (677, 366, 119), (668, 350, 71), (682, 355, 131), (666, 351, 66), (679, 355, 111), (667, 355, 55), (678, 360, 109), (722, 398, 92), (701, 397, 92), (699, 306, 122), (658, 328, 145), (690, 212, 136), (652, 249, 205), (699, 198, 138), (659, 234, 210), (650, 196, 194), (622, 228, 186)]
[(577, 440, 20), (573, 448, 38), (574, 449, 38), (574, 450, 38), (572, 447, 11), (572, 447, 11), (572, 447, 11), (582, 460, 85), (580, 457, 37), (587, 440, 35), (587, 438, 0), (618, 458, 160), (622, 452, 129), (648, 398, 158), (656, 401, 162), (665, 357, 63), (676, 362, 112), (668, 348, 75), (680, 350, 122), (667, 348, 70), (676, 351, 102), (668, 351, 58), (676, 356, 102), (723, 398, 92), (702, 397, 92), (699, 306, 122), (664, 325, 148), (689, 215, 133), (653, 247, 213), (697, 199, 135), (660, 231, 218), (650, 197, 192), (623, 226, 194)]
[(577, 437, 17), (572, 445, 35), (573, 446, 35), (573, 447, 35), (571, 444, 7), (572, 445, 7), (572, 446, 7), (581, 457, 85), (579, 455, 40), (587, 437, 32), (586, 436, 3), (618, 456, 163), (622, 452, 131), (649, 396, 163), (657, 402, 161), (666, 354, 65), (676, 364, 110), (670, 345, 77), (682, 352, 121), (669, 345, 71), (680, 353, 100), (669, 347, 60), (677, 357, 100), (723, 398, 94), (702, 397, 94), (698, 306, 122), (666, 324, 153), (689, 215, 132), (651, 244, 219), (697, 199, 134), (660, 229, 224), (649, 198, 191), (622, 224, 200)]
[(576, 438, 15), (572, 445, 34), (572, 446, 34), (573, 448, 34), (571, 445, 6), (571, 446, 6), (571, 446, 6), (580, 457, 84), (578, 455, 40), (586, 438, 31), (586, 437, 4), (617, 455, 163), (622, 452, 136), (650, 397, 166), (658, 403, 165), (666, 354, 67), (675, 364, 111), (669, 346, 80), (682, 353, 122), (669, 345, 74), (679, 354, 100), (669, 348, 62), (677, 358, 100), (722, 398, 96), (702, 398, 96), (698, 306, 119), (669, 325, 158), (689, 215, 125), (651, 245, 221), (696, 199, 126), (661, 229, 227), (649, 198, 181), (622, 224, 205)]
[(576, 437, 15), (572, 445, 34), (572, 446, 34), (573, 447, 34), (571, 445, 6), (571, 446, 6), (571, 447, 6), (580, 457, 83), (578, 455, 41), (586, 437, 31), (586, 436, 4), (616, 455, 163), (622, 452, 135), (650, 396, 165), (660, 404, 156), (666, 355, 59), (677, 367, 99), (669, 347, 71), (686, 358, 110), (668, 346, 64), (684, 358, 90), (669, 349, 54), (682, 362, 89), (722, 400, 96), (702, 399, 96), (698, 307, 121), (668, 329, 166), (688, 215, 130), (648, 247, 230), (695, 199, 131), (655, 233, 235), (649, 198, 188), (622, 226, 213)]
[(575, 438, 18), (571, 446, 37), (572, 447, 37), (572, 448, 37), (571, 445, 9), (571, 446, 9), (571, 447, 10), (580, 457, 85), (578, 455, 37), (585, 438, 33), (585, 437, 1), (616, 454, 162), (622, 454, 130), (651, 394, 161), (663, 409, 149), (666, 356, 52), (686, 378, 93), (669, 348, 63), (694, 369, 104), (668, 346, 57), (691, 369, 85), (669, 350, 47), (689, 373, 83), (723, 400, 96), (702, 401, 96), (698, 307, 122), (661, 336, 165), (687, 215, 129), (645, 249, 222), (695, 200, 129), (652, 234, 226), (648, 198, 187), (621, 227, 200)]
[(575, 438, 17), (571, 446, 36), (571, 447, 36), (572, 448, 36), (571, 445, 8), (571, 446, 8), (571, 447, 8), (580, 457, 85), (578, 455, 38), (585, 438, 33), (585, 437, 2), (615, 454, 162), (622, 453, 130), (651, 394, 161), (662, 408, 150), (665, 351, 52), (683, 373, 101), (671, 345, 63), (692, 365, 114), (668, 343, 55), (689, 364, 95), (668, 345, 46), (687, 368, 92), (723, 401, 96), (702, 401, 96), (698, 308, 120), (661, 335, 170), (687, 215, 128), (646, 249, 236), (695, 200, 129), (653, 234, 241), (647, 198, 183), (621, 227, 220)]
[(575, 439, 25), (571, 447, 45), (572, 448, 45), (572, 449, 45), (570, 446, 17), (571, 447, 17), (571, 448, 17), (580, 458, 92), (578, 455, 31), (585, 439, 40), (585, 438, 4), (615, 454, 167), (622, 453, 126), (651, 393, 161), (664, 408, 143), (665, 352, 48), (682, 373, 86), (671, 346, 60), (689, 364, 95), (668, 345, 53), (687, 364, 75), (668, 347, 43), (684, 365, 76), (723, 401, 96), (703, 401, 96), (698, 307, 118), (661, 344, 187), (687, 215, 128), (648, 273, 267), (695, 199, 129), (654, 260, 273), (647, 199, 183), (625, 245, 258)]
[(575, 439, 24), (571, 447, 44), (572, 448, 44), (572, 449, 44), (571, 446, 16), (571, 447, 16), (571, 448, 16), (580, 458, 90), (578, 455, 32), (585, 439, 38), (585, 438, 3), (615, 453, 165), (622, 454, 128), (651, 393, 157), (664, 408, 148), (665, 352, 44), (682, 370, 97), (670, 345, 56), (688, 361, 107), (667, 345, 48), (686, 361, 86), (668, 346, 38), (684, 361, 87), (723, 401, 96), (703, 401, 96), (698, 307, 116), (661, 343, 180), (687, 215, 127), (648, 269, 254), (695, 198, 128), (655, 255, 259), (647, 199, 180), (620, 247, 242)]
[(575, 440, 24), (571, 447, 43), (572, 448, 43), (572, 450, 43), (571, 447, 15), (571, 447, 15), (571, 448, 15), (580, 458, 90), (578, 456, 32), (585, 440, 38), (585, 439, 3), (615, 454, 164), (622, 454, 131), (652, 394, 157), (663, 407, 156), (665, 350, 49), (681, 368, 107), (671, 345, 61), (685, 358, 118), (668, 345, 53), (683, 358, 96), (668, 345, 43), (680, 360, 96), (723, 401, 96), (703, 401, 96), (698, 307, 115), (662, 339, 176), (686, 215, 122), (648, 257, 253), (695, 198, 123), (655, 241, 259), (646, 199, 173), (620, 239, 238)]
[(575, 440, 22), (571, 447, 41), (572, 449, 42), (572, 450, 42), (571, 447, 13), (571, 447, 13), (571, 448, 13), (580, 459, 91), (578, 456, 34), (585, 440, 38), (585, 439, 1), (615, 454, 169), (623, 454, 132), (654, 393, 165), (663, 407, 157), (665, 347, 57), (680, 364, 105), (672, 342, 72), (681, 353, 116), (668, 338, 64), (681, 353, 95), (667, 342, 51), (678, 356, 95), (723, 400, 96), (704, 401, 97), (698, 306, 107), (662, 339, 180), (686, 214, 101), (648, 258, 260), (695, 198, 101), (655, 242, 266), (646, 200, 151), (619, 240, 248)]
[(575, 440, 21), (571, 448, 40), (572, 449, 40), (572, 450, 40), (571, 447, 12), (571, 447, 12), (571, 448, 12), (580, 459, 90), (578, 456, 35), (585, 440, 37), (585, 439, 0), (615, 454, 168), (623, 454, 132), (654, 393, 165), (663, 407, 157), (665, 348, 58), (678, 364, 105), (672, 343, 73), (679, 352, 115), (668, 340, 65), (679, 353, 92), (667, 343, 51), (677, 357, 94), (723, 400, 96), (704, 402, 97), (698, 305, 107), (661, 344, 188), (686, 213, 106), (648, 273, 271), (695, 197, 107), (655, 259, 277), (646, 200, 159), (612, 256, 262)]
[(576, 440, 21), (571, 448, 40), (572, 449, 40), (572, 450, 40), (571, 447, 12), (571, 448, 12), (571, 448, 12), (580, 459, 89), (578, 456, 37), (586, 440, 36), (586, 439, 0), (615, 454, 169), (623, 455, 138), (654, 394, 168), (662, 406, 164), (665, 348, 60), (676, 363, 111), (672, 341, 76), (676, 349, 121), (668, 339, 67), (675, 350, 98), (667, 343, 54), (676, 355, 99), (723, 400, 97), (704, 402, 97), (697, 305, 107), (663, 336, 183), (686, 213, 101), (644, 256, 261), (695, 197, 101), (650, 239, 267), (644, 201, 153), (613, 256, 251)]
[(576, 441, 13), (571, 448, 32), (572, 449, 32), (572, 451, 32), (571, 447, 3), (571, 448, 3), (571, 448, 3), (580, 460, 82), (578, 456, 46), (586, 441, 29), (586, 439, 8), (615, 455, 165), (623, 455, 145), (654, 394, 167), (661, 404, 175), (665, 348, 67), (674, 359, 120), (670, 339, 82), (674, 347, 131), (667, 338, 74), (672, 344, 107), (666, 341, 60), (673, 350, 108), (723, 400, 98), (704, 402, 98), (696, 305, 108), (667, 330, 181), (686, 214, 104), (644, 247, 255), (695, 198, 104), (651, 230, 260), (644, 201, 156), (614, 248, 242)]
[(578, 442, 9), (573, 449, 9), (573, 450, 9), (574, 451, 9), (573, 448, 18), (573, 449, 18), (573, 450, 18), (581, 461, 62), (580, 459, 63), (587, 442, 7), (588, 441, 29), (615, 456, 145), (627, 457, 156), (654, 394, 150), (661, 405, 185), (662, 344, 57), (672, 360, 133), (665, 333, 71), (672, 348, 144), (661, 334, 61), (671, 347, 121), (662, 340, 50), (670, 351, 121), (722, 400, 97), (707, 403, 98), (693, 307, 102), (667, 330, 175), (681, 218, 88), (641, 248, 241), (691, 201, 87), (647, 232, 246), (641, 204, 134), (611, 246, 229)]
[(579, 443, 6), (574, 450, 12), (574, 451, 12), (574, 453, 12), (573, 449, 15), (574, 450, 15), (574, 451, 15), (582, 462, 65), (581, 461, 62), (588, 443, 10), (589, 443, 26), (615, 456, 148), (627, 458, 157), (654, 394, 153), (661, 405, 187), (661, 343, 57), (671, 360, 133), (664, 332, 72), (671, 348, 146), (661, 333, 61), (670, 347, 121), (660, 337, 50), (669, 350, 122), (721, 400, 98), (707, 404, 98), (691, 308, 99), (671, 328, 169), (680, 220, 80), (648, 247, 236), (691, 204, 79), (655, 231, 241), (642, 204, 125), (613, 242, 223)]
[(580, 443, 20), (574, 451, 1), (574, 452, 1), (575, 453, 1), (574, 450, 29), (574, 451, 29), (574, 451, 29), (582, 463, 50), (581, 461, 73), (589, 444, 3), (589, 443, 39), (615, 457, 137), (627, 458, 166), (652, 396, 143), (660, 405, 201), (661, 344, 44), (669, 360, 155), (664, 333, 56), (668, 349, 170), (661, 335, 45), (665, 348, 146), (661, 338, 36), (668, 351, 144), (721, 401, 98), (708, 404, 98), (691, 308, 94), (677, 323, 148), (680, 220, 70), (661, 240, 202), (691, 204, 68), (673, 224, 207), (642, 203, 108), (625, 229, 188)]
[(580, 443, 18), (574, 451, 0), (574, 452, 0), (575, 453, 0), (574, 450, 27), (574, 451, 27), (574, 451, 27), (582, 463, 52), (581, 461, 72), (589, 444, 1), (589, 443, 38), (614, 457, 135), (627, 458, 164), (650, 397, 144), (658, 405, 196), (660, 347, 47), (669, 360, 147), (662, 338, 59), (666, 349, 160), (662, 342, 50), (666, 348, 136), (660, 340, 40), (667, 352, 136), (721, 401, 98), (708, 404, 98), (690, 308, 97), (675, 324, 154), (680, 220, 81), (658, 243, 213), (690, 204, 80), (666, 227, 217), (641, 203, 125), (621, 230, 198)]
[(580, 444, 19), (574, 451, 1), (575, 452, 1), (575, 453, 1), (574, 450, 28), (574, 451, 28), (575, 451, 28), (582, 463, 50), (581, 461, 73), (589, 444, 3), (589, 443, 39), (613, 457, 133), (627, 458, 164), (649, 398, 142), (658, 405, 196), (659, 347, 50), (668, 361, 149), (664, 342, 62), (666, 348, 162), (663, 343, 53), (663, 348, 138), (659, 341, 43), (667, 352, 137), (721, 401, 98), (708, 404, 98), (689, 309, 99), (674, 325, 156), (679, 221, 86), (656, 244, 214), (690, 204, 85), (663, 228, 218), (641, 203, 131), (620, 229, 200)]
[(580, 443, 15), (574, 451, 3), (575, 452, 3), (575, 453, 3), (574, 450, 24), (574, 451, 24), (575, 451, 24), (582, 463, 55), (581, 461, 68), (589, 444, 1), (589, 443, 34), (613, 457, 137), (627, 458, 161), (648, 398, 144), (657, 405, 191), (659, 347, 47), (667, 361, 142), (662, 342, 59), (664, 349, 156), (661, 343, 48), (664, 349, 132), (660, 341, 39), (666, 352, 131), (721, 401, 98), (708, 404, 98), (688, 309, 94), (675, 324, 153), (678, 220, 75), (655, 241, 212), (688, 204, 74), (663, 227, 216), (640, 203, 117), (618, 228, 196)]
[(580, 443, 13), (574, 451, 5), (575, 452, 5), (575, 453, 5), (574, 450, 22), (574, 451, 22), (574, 451, 22), (582, 463, 58), (581, 461, 65), (589, 444, 2), (589, 443, 33), (613, 457, 138), (626, 458, 156), (648, 398, 145), (656, 405, 187), (659, 348, 48), (666, 361, 138), (661, 343, 61), (664, 349, 153), (661, 344, 50), (665, 349, 127), (660, 342, 41), (666, 352, 126), (721, 401, 98), (708, 404, 98), (689, 309, 96), (674, 324, 155), (678, 221, 80), (651, 241, 216), (688, 204, 79), (660, 228, 221), (640, 203, 124), (617, 228, 201)]
[(580, 444, 8), (574, 451, 10), (575, 452, 10), (575, 454, 10), (574, 450, 17), (574, 451, 17), (575, 452, 17), (582, 463, 62), (581, 461, 61), (589, 444, 8), (589, 443, 27), (614, 456, 142), (626, 458, 153), (648, 396, 147), (656, 405, 182), (659, 345, 49), (665, 361, 133), (665, 343, 62), (664, 349, 147), (660, 339, 51), (665, 349, 122), (660, 341, 41), (665, 352, 121), (721, 401, 98), (708, 404, 98), (688, 309, 97), (674, 324, 156), (678, 221, 81), (650, 242, 218), (687, 204, 81), (658, 228, 223), (640, 203, 127), (617, 228, 203)]
[(580, 444, 7), (574, 452, 11), (575, 453, 11), (575, 454, 11), (574, 451, 16), (574, 452, 16), (575, 452, 16), (582, 463, 64), (581, 461, 61), (589, 444, 9), (589, 443, 26), (614, 456, 148), (625, 458, 154), (648, 396, 154), (655, 405, 186), (658, 344, 52), (661, 361, 135), (665, 343, 67), (661, 349, 148), (659, 338, 55), (664, 348, 123), (659, 339, 44), (665, 352, 123), (721, 401, 98), (708, 404, 98), (688, 309, 97), (675, 323, 157), (678, 221, 83), (652, 241, 220), (687, 204, 82), (658, 225, 224), (640, 203, 129), (619, 226, 204)]
[(580, 444, 6), (574, 452, 11), (575, 453, 11), (575, 454, 12), (574, 451, 16), (574, 452, 16), (575, 453, 16), (582, 463, 64), (582, 461, 60), (589, 445, 10), (589, 444, 26), (614, 456, 149), (625, 458, 155), (648, 396, 157), (654, 405, 188), (658, 344, 55), (660, 361, 135), (665, 343, 70), (660, 349, 149), (658, 338, 58), (664, 348, 123), (658, 339, 47), (664, 352, 123), (721, 401, 98), (708, 404, 99), (688, 310, 98), (674, 324, 158), (678, 221, 84), (652, 241, 221), (687, 204, 84), (658, 225, 226), (640, 203, 131), (618, 227, 206)]
[(580, 449, 10), (574, 456, 8), (575, 457, 8), (575, 459, 8), (574, 456, 19), (575, 457, 19), (575, 458, 19), (583, 468, 61), (582, 468, 66), (589, 448, 6), (589, 448, 30), (614, 457, 146), (627, 461, 165), (648, 396, 153), (655, 406, 201), (656, 343, 50), (661, 361, 148), (665, 343, 65), (660, 349, 162), (656, 335, 53), (664, 348, 136), (656, 337, 42), (664, 352, 136), (720, 401, 100), (709, 405, 100), (686, 311, 93), (675, 324, 166), (677, 221, 66), (655, 242, 237), (687, 204, 64), (661, 225, 243), (638, 203, 107), (620, 227, 226)]
[(580, 454, 9), (575, 462, 9), (575, 463, 9), (576, 464, 9), (575, 462, 19), (575, 462, 19), (576, 464, 19), (584, 473, 62), (583, 473, 66), (589, 453, 6), (590, 452, 30), (616, 459, 146), (628, 464, 165), (648, 396, 152), (658, 408, 200), (656, 343, 52), (663, 361, 147), (664, 343, 68), (664, 350, 161), (657, 338, 55), (664, 348, 135), (656, 336, 44), (664, 354, 136), (720, 401, 100), (709, 405, 100), (681, 311, 98), (675, 326, 179), (677, 222, 70), (655, 244, 257), (688, 205, 68), (662, 227, 264), (638, 203, 109), (620, 233, 250)]
[(581, 461, 15), (577, 469, 3), (577, 470, 3), (578, 471, 3), (577, 469, 25), (577, 470, 25), (578, 471, 25), (586, 479, 55), (586, 479, 73), (590, 460, 0), (590, 460, 37), (617, 463, 142), (631, 467, 175), (647, 399, 152), (661, 409, 211), (654, 343, 63), (663, 360, 160), (656, 334, 81), (664, 346, 174), (652, 332, 67), (664, 347, 147), (653, 336, 54), (664, 352, 148), (718, 401, 101), (710, 407, 101), (681, 311, 87), (677, 326, 181), (679, 221, 56), (657, 244, 268), (689, 204, 53), (663, 227, 276), (638, 203, 95), (622, 233, 259)]
[(583, 467, 14), (580, 475, 3), (580, 476, 3), (581, 478, 3), (580, 475, 25), (580, 476, 25), (581, 478, 25), (589, 486, 54), (589, 486, 75), (592, 467, 0), (592, 466, 36), (618, 470, 142), (635, 472, 178), (646, 405, 165), (661, 414, 212), (652, 348, 106), (663, 364, 154), (653, 337, 128), (664, 351, 167), (650, 335, 115), (663, 351, 141), (652, 341, 98), (664, 356, 142), (718, 401, 102), (713, 408, 102), (682, 310, 93), (677, 330, 203), (681, 220, 78), (657, 259, 302), (692, 204, 78), (663, 244, 311), (639, 203, 131), (621, 251, 296)]
[(583, 469, 7), (580, 476, 26), (580, 477, 26), (581, 479, 26), (580, 476, 3), (580, 477, 3), (581, 479, 3), (590, 487, 75), (589, 487, 60), (592, 468, 22), (593, 467, 16), (620, 471, 161), (634, 474, 169), (646, 405, 178), (661, 414, 199), (652, 350, 99), (664, 366, 124), (654, 338, 120), (664, 353, 131), (651, 337, 109), (664, 353, 104), (652, 343, 91), (664, 357, 110), (718, 401, 102), (712, 408, 102), (682, 310, 109), (677, 331, 211), (683, 217, 103), (657, 264, 316), (692, 203, 104), (662, 249, 325), (640, 203, 161), (618, 257, 311)]
[(584, 477, 4), (581, 485, 25), (581, 487, 25), (582, 488, 25), (581, 485, 4), (581, 487, 4), (582, 488, 4), (591, 495, 66), (591, 495, 64), (593, 476, 22), (593, 476, 17), (622, 479, 156), (634, 480, 169), (645, 411, 178), (662, 420, 199), (649, 355, 127), (663, 367, 129), (648, 343, 149), (665, 354, 138), (648, 343, 136), (664, 353, 112), (649, 348, 119), (664, 357, 116), (718, 402, 102), (712, 409, 102), (683, 310, 115), (675, 333, 201), (683, 216, 119), (673, 259, 297), (692, 203, 121), (678, 247, 305), (641, 202, 177), (626, 254, 288)]
[(586, 481, 1), (583, 490, 21), (584, 491, 21), (584, 493, 21), (583, 490, 8), (583, 491, 8), (584, 492, 7), (593, 501, 65), (593, 500, 63), (594, 481, 18), (595, 480, 20), (623, 484, 154), (637, 486, 168), (642, 417, 181), (661, 424, 198), (647, 360, 120), (661, 373, 126), (648, 348, 144), (659, 361, 135), (647, 348, 130), (656, 358, 106), (648, 352, 112), (657, 362, 113), (717, 403, 102), (712, 410, 102), (683, 309, 90), (678, 332, 195), (683, 216, 71), (677, 246, 287), (691, 203, 71), (682, 232, 295), (641, 203, 126), (634, 240, 274)]
[(588, 494, 0), (585, 502, 19), (586, 503, 19), (586, 504, 19), (585, 502, 9), (586, 503, 9), (586, 504, 9), (596, 510, 65), (596, 511, 63), (596, 492, 16), (596, 492, 21), (626, 488, 154), (640, 492, 169), (641, 424, 180), (659, 430, 203), (646, 373, 105), (658, 389, 134), (649, 362, 126), (656, 377, 142), (648, 362, 113), (655, 375, 108), (648, 366, 97), (656, 380, 119), (715, 404, 103), (712, 411, 103), (681, 310, 86), (679, 329, 160), (682, 216, 60), (678, 239, 226), (691, 203, 59), (684, 225, 231), (641, 204, 108), (637, 228, 202)]
[(588, 499, 2), (586, 508, 21), (587, 509, 21), (588, 511, 21), (586, 508, 7), (586, 509, 7), (587, 510, 7), (599, 517, 68), (598, 517, 62), (596, 497, 18), (596, 497, 20), (629, 493, 162), (641, 496, 168), (640, 430, 199), (656, 433, 202), (647, 380, 136), (655, 391, 134), (649, 370, 161), (652, 377, 143), (648, 369, 148), (650, 376, 112), (648, 373, 129), (655, 383, 120), (715, 404, 105), (712, 411, 106), (681, 311, 81), (678, 325, 132), (683, 216, 44), (679, 234, 194), (691, 202, 42), (686, 219, 199), (641, 206, 91), (640, 226, 167)]
[(590, 500, 2), (587, 510, 21), (588, 511, 21), (589, 512, 21), (587, 510, 9), (587, 511, 9), (588, 512, 9), (599, 518, 68), (599, 518, 64), (597, 498, 17), (597, 498, 21), (629, 496, 164), (642, 498, 171), (640, 431, 199), (657, 437, 205), (647, 382, 134), (656, 394, 140), (649, 371, 158), (654, 381, 148), (648, 371, 147), (652, 381, 118), (648, 375, 128), (655, 386, 126), (716, 404, 107), (711, 410, 107), (681, 312, 89), (678, 324, 134), (683, 216, 53), (677, 235, 203), (691, 202, 52), (685, 219, 208), (641, 206, 96), (638, 222, 181)]
[(590, 508, 1), (588, 518, 20), (589, 519, 20), (590, 520, 20), (588, 518, 9), (588, 519, 9), (589, 520, 9), (602, 525, 71), (601, 525, 62), (598, 505, 17), (598, 504, 21), (632, 502, 164), (642, 501, 167), (640, 440, 191), (654, 443, 204), (646, 392, 125), (650, 402, 144), (649, 380, 150), (648, 388, 152), (648, 381, 132), (648, 389, 124), (648, 385, 116), (650, 393, 131), (715, 405, 106), (707, 410, 106), (680, 313, 89), (676, 324, 146), (683, 216, 59), (675, 236, 222), (691, 202, 57), (683, 221, 228), (641, 205, 106), (636, 223, 204)]
[(592, 514, 22), (590, 524, 42), (591, 525, 42), (593, 526, 42), (589, 524, 12), (590, 524, 12), (590, 525, 12), (605, 531, 90), (602, 530, 40), (600, 511, 37), (599, 509, 0), (635, 505, 172), (641, 503, 144), (640, 443, 188), (647, 446, 184), (646, 400, 103), (644, 407, 129), (649, 388, 121), (643, 391, 134), (648, 389, 117), (642, 395, 108), (647, 393, 98), (643, 399, 116), (713, 405, 102), (698, 409, 102), (678, 314, 102), (668, 322, 140), (683, 216, 86), (675, 235, 223), (694, 201, 87), (687, 219, 229), (643, 202, 147), (638, 221, 205)]
[(593, 525, 64), (592, 535, 82), (594, 536, 82), (595, 537, 82), (591, 534, 53), (591, 534, 53), (591, 534, 53), (609, 540, 118), (604, 538, 10), (601, 519, 75), (599, 518, 37), (637, 506, 191), (639, 502, 122), (640, 444, 202), (645, 447, 158), (647, 398, 124), (644, 405, 86), (649, 387, 146), (644, 393, 87), (648, 388, 144), (644, 396, 60), (647, 392, 120), (645, 399, 72), (709, 405, 102), (692, 407, 102), (675, 313, 113), (663, 320, 146), (683, 215, 95), (674, 232, 240), (695, 201, 97), (686, 215, 247), (646, 197, 165), (641, 216, 214)]
[(594, 532, 112), (596, 541, 125), (598, 542, 125), (600, 543, 125), (593, 540, 98), (592, 541, 98), (592, 541, 98), (613, 545, 139), (605, 542, 17), (603, 525, 115), (600, 524, 80), (640, 509, 198), (634, 502, 105), (640, 446, 201), (643, 446, 142), (646, 403, 130), (645, 408, 63), (649, 392, 152), (644, 395, 62), (648, 393, 152), (644, 400, 35), (647, 398, 127), (645, 402, 49), (707, 405, 101), (686, 406, 101), (674, 313, 131), (658, 321, 149), (683, 215, 116), (674, 232, 245), (695, 201, 119), (685, 216, 251), (646, 197, 190), (639, 216, 218)]
[(595, 533, 104), (597, 542, 117), (599, 543, 118), (601, 544, 118), (593, 541, 90), (593, 541, 90), (593, 542, 90), (614, 546, 133), (606, 543, 10), (604, 526, 107), (600, 525, 71), (641, 511, 192), (632, 504, 111), (641, 449, 202), (644, 449, 149), (647, 404, 145), (645, 409, 69), (649, 394, 168), (644, 397, 68), (648, 395, 169), (645, 400, 41), (648, 399, 143), (646, 404, 56), (706, 405, 101), (684, 405, 101), (673, 313, 134), (658, 321, 161), (683, 215, 135), (674, 233, 261), (695, 201, 139), (686, 218, 268), (646, 197, 213), (640, 217, 239)]
[(599, 537, 120), (602, 547, 127), (605, 548, 127), (608, 549, 127), (598, 546, 103), (597, 546, 103), (597, 546, 103), (620, 549, 117), (608, 546, 7), (608, 529, 113), (603, 529, 82), (642, 512, 170), (632, 506, 124), (641, 451, 162), (645, 450, 157), (646, 413, 101), (645, 416, 88), (648, 403, 118), (644, 403, 89), (646, 406, 126), (644, 408, 63), (646, 408, 101), (646, 411, 75), (703, 405, 99), (682, 405, 99), (673, 313, 145), (655, 324, 149), (683, 215, 154), (674, 234, 234), (695, 200, 160), (686, 218, 238), (647, 197, 234), (640, 216, 206)]
[(603, 540, 147), (607, 549, 151), (610, 550, 151), (613, 551, 151), (602, 548, 129), (601, 548, 129), (600, 548, 129), (624, 551, 124), (611, 548, 28), (612, 532, 135), (607, 531, 107), (642, 512, 169), (637, 509, 116), (642, 449, 148), (649, 452, 161), (646, 413, 70), (645, 417, 85), (648, 404, 83), (645, 406, 84), (646, 406, 90), (645, 409, 58), (646, 408, 69), (647, 413, 72), (701, 405, 97), (682, 405, 97), (671, 313, 147), (654, 326, 148), (683, 215, 159), (675, 239, 232), (696, 199, 164), (687, 230, 237), (647, 197, 239), (643, 217, 207)]
[(608, 544, 199), (614, 553, 198), (617, 554, 198), (620, 554, 198), (607, 552, 178), (606, 552, 178), (605, 552, 178), (631, 552, 151), (614, 550, 63), (619, 535, 179), (611, 535, 154), (643, 511, 182), (644, 512, 94), (642, 449, 149), (653, 453, 153), (646, 415, 52), (651, 419, 87), (648, 408, 61), (654, 405, 89), (646, 410, 69), (651, 407, 61), (646, 413, 51), (651, 412, 74), (699, 403, 96), (683, 404, 96), (669, 310, 142), (653, 325, 160), (683, 215, 129), (676, 240, 266), (696, 199, 134), (688, 232, 273), (647, 198, 226), (644, 217, 246)]
[(612, 546, 194), (618, 555, 192), (621, 556, 192), (625, 556, 192), (611, 554, 174), (609, 554, 174), (608, 554, 174), (634, 554, 140), (615, 551, 58), (622, 537, 172), (614, 537, 149), (645, 513, 175), (644, 513, 96), (644, 454, 132), (655, 455, 146), (646, 417, 45), (651, 421, 69), (648, 410, 55), (653, 406, 68), (646, 411, 64), (651, 411, 40), (647, 414, 45), (652, 415, 56), (697, 402, 95), (681, 402, 95), (667, 309, 132), (652, 325, 177), (683, 216, 128), (676, 248, 300), (696, 199, 131), (688, 238, 309), (647, 199, 204), (643, 218, 283)]
[(613, 546, 191), (618, 556, 191), (622, 557, 191), (625, 557, 191), (611, 555, 173), (610, 554, 173), (609, 554, 173), (635, 555, 144), (616, 552, 65), (623, 537, 172), (615, 537, 148), (645, 515, 175), (647, 514, 86), (645, 454, 124), (660, 457, 143), (645, 420, 15), (653, 425, 78), (647, 412, 20), (653, 408, 79), (646, 415, 30), (653, 415, 53), (647, 417, 14), (653, 418, 65), (697, 402, 93), (682, 403, 93), (664, 309, 118), (652, 325, 179), (683, 216, 110), (676, 255, 298), (696, 201, 113), (687, 245, 307), (647, 200, 182), (641, 223, 285)]
[(616, 547, 208), (622, 556, 206), (626, 557, 206), (629, 558, 206), (614, 555, 188), (613, 555, 188), (611, 555, 188), (639, 554, 148), (618, 552, 69), (625, 537, 183), (617, 538, 160), (645, 514, 174), (649, 515, 94), (646, 454, 126), (663, 465, 150), (646, 423, 21), (661, 454, 103), (648, 417, 24), (662, 447, 112), (647, 420, 32), (657, 451, 94), (647, 421, 19), (657, 452, 94), (695, 401, 93), (682, 402, 93), (662, 308, 110), (653, 324, 174), (683, 216, 96), (678, 252, 280), (697, 201, 98), (689, 241, 288), (646, 200, 159), (651, 224, 264)]
[(619, 548, 213), (625, 557, 211), (629, 557, 211), (633, 558, 211), (617, 556, 194), (615, 555, 194), (614, 555, 194), (642, 554, 153), (619, 553, 79), (628, 538, 188), (620, 538, 167), (649, 512, 174), (649, 514, 75), (646, 453, 117), (661, 461, 91), (646, 424, 2), (660, 446, 17), (648, 419, 4), (660, 437, 22), (647, 422, 15), (656, 442, 39), (647, 423, 2), (655, 444, 28), (694, 399, 88), (679, 401, 88), (663, 307, 103), (653, 323, 171), (683, 216, 91), (678, 243, 278), (697, 200, 94), (690, 239, 285), (647, 200, 159), (649, 223, 261)]
[(621, 548, 204), (627, 557, 203), (632, 557, 203), (636, 558, 203), (619, 556, 186), (617, 556, 186), (615, 556, 186), (644, 553, 150), (620, 553, 79), (629, 537, 181), (620, 538, 161), (650, 512, 173), (648, 513, 67), (646, 451, 111), (661, 461, 98), (646, 421, 1), (658, 442, 14), (648, 415, 2), (657, 430, 11), (647, 418, 15), (652, 436, 9), (647, 420, 1), (653, 438, 3), (693, 399, 85), (677, 401, 85), (662, 307, 99), (652, 323, 164), (683, 216, 86), (677, 242, 266), (696, 201, 89), (690, 234, 273), (647, 200, 152), (647, 223, 250)]
[(622, 545, 195), (628, 555, 194), (632, 556, 194), (636, 556, 194), (619, 554, 178), (618, 554, 178), (616, 554, 178), (645, 552, 146), (621, 551, 68), (630, 536, 171), (622, 536, 151), (650, 512, 158), (650, 513, 80), (647, 448, 97), (661, 459, 117), (647, 419, 9), (657, 441, 41), (648, 414, 7), (657, 432, 41), (647, 417, 5), (652, 436, 19), (648, 418, 9), (653, 439, 30), (689, 397, 85), (678, 400, 85), (659, 306, 107), (651, 324, 167), (683, 215, 117), (676, 255, 267), (696, 201, 121), (688, 244, 274), (647, 200, 182), (647, 233, 255)]
[(623, 545, 184), (628, 555, 184), (633, 555, 184), (636, 555, 184), (620, 554, 167), (618, 554, 167), (616, 554, 167), (645, 552, 126), (621, 551, 62), (630, 535, 163), (622, 535, 140), (651, 511, 142), (649, 512, 91), (647, 448, 86), (661, 458, 124), (647, 419, 17), (658, 444, 42), (648, 413, 15), (659, 436, 42), (647, 417, 3), (654, 440, 23), (648, 418, 17), (654, 443, 32), (690, 398, 86), (679, 400, 86), (658, 306, 127), (649, 325, 136), (683, 215, 142), (675, 250, 209), (696, 201, 146), (688, 241, 214), (648, 200, 205), (647, 231, 191)]
[(624, 544, 193), (629, 554, 191), (634, 554, 192), (637, 555, 192), (621, 553, 175), (619, 553, 175), (617, 553, 175), (646, 551, 133), (621, 550, 67), (631, 535, 169), (623, 535, 148), (652, 510, 151), (649, 512, 77), (648, 446, 91), (660, 457, 110), (647, 419, 15), (656, 437, 30), (648, 412, 15), (654, 424, 27), (647, 416, 1), (652, 426, 6), (648, 418, 15), (651, 430, 19), (690, 397, 85), (677, 400, 85), (657, 306, 129), (646, 326, 137), (683, 215, 137), (674, 255, 224), (696, 201, 141), (687, 244, 230), (649, 199, 203), (647, 230, 208)]
[(624, 543, 187), (630, 553, 186), (634, 554, 186), (638, 554, 186), (621, 552, 169), (619, 552, 169), (617, 552, 169), (646, 551, 129), (621, 550, 61), (632, 534, 164), (623, 534, 143), (651, 509, 151), (649, 512, 82), (648, 446, 100), (659, 456, 131), (647, 417, 1), (654, 437, 60), (648, 407, 5), (651, 423, 58), (647, 413, 15), (650, 422, 34), (648, 415, 0), (650, 425, 47), (690, 395, 86), (677, 399, 86), (655, 306, 130), (647, 326, 137), (682, 215, 130), (674, 255, 223), (695, 201, 133), (687, 244, 229), (649, 199, 196), (647, 230, 206)]
[(625, 543, 190), (630, 553, 188), (634, 554, 188), (638, 554, 188), (622, 552, 172), (620, 552, 172), (618, 551, 172), (646, 551, 130), (621, 549, 62), (632, 534, 166), (624, 534, 146), (652, 507, 153), (648, 511, 85), (649, 445, 105), (658, 456, 135), (647, 413, 15), (652, 430, 67), (648, 404, 22), (649, 416, 66), (647, 407, 34), (649, 416, 41), (648, 412, 16), (649, 421, 55), (690, 395, 86), (676, 398, 86), (654, 306, 135), (646, 326, 142), (682, 215, 135), (673, 253, 228), (695, 201, 139), (686, 245, 234), (649, 199, 203), (646, 229, 210)]
[(624, 543, 188), (630, 553, 186), (634, 553, 186), (637, 554, 186), (622, 551, 170), (620, 551, 170), (618, 551, 170), (645, 551, 129), (622, 548, 60), (632, 534, 164), (624, 534, 144), (651, 507, 154), (648, 510, 86), (649, 445, 105), (657, 455, 139), (647, 410, 36), (649, 421, 69), (647, 400, 45), (646, 409, 67), (646, 402, 56), (647, 410, 41), (647, 406, 37), (647, 415, 56), (688, 393, 86), (676, 397, 86), (653, 305, 133), (646, 325, 141), (682, 215, 119), (673, 252, 233), (695, 201, 121), (686, 244, 239), (649, 199, 183), (643, 228, 215)]
[(624, 542, 186), (630, 553, 185), (634, 553, 185), (637, 554, 185), (621, 551, 168), (620, 551, 168), (618, 551, 168), (645, 551, 128), (621, 548, 59), (632, 534, 163), (624, 533, 142), (651, 506, 155), (648, 510, 92), (649, 445, 112), (656, 454, 146), (646, 407, 43), (648, 421, 76), (647, 395, 52), (646, 408, 75), (646, 399, 62), (646, 411, 49), (647, 403, 44), (647, 415, 63), (686, 392, 88), (675, 397, 88), (652, 305, 132), (646, 324, 144), (682, 216, 119), (673, 254, 248), (695, 202, 121), (685, 244, 254), (649, 199, 183), (642, 228, 231)]
[(624, 542, 193), (630, 552, 191), (634, 553, 191), (637, 553, 191), (621, 551, 174), (619, 550, 174), (617, 550, 174), (645, 550, 132), (621, 547, 62), (632, 534, 169), (624, 532, 148), (651, 506, 159), (646, 510, 90), (649, 445, 124), (656, 454, 146), (646, 407, 60), (647, 421, 66), (647, 397, 70), (646, 408, 63), (645, 400, 79), (645, 411, 35), (646, 403, 60), (647, 415, 52), (686, 392, 89), (673, 397, 89), (652, 305, 145), (646, 324, 162), (682, 217, 147), (672, 256, 276), (695, 202, 151), (685, 245, 283), (650, 199, 221), (642, 229, 261)]
[(624, 541, 191), (629, 551, 187), (633, 551, 187), (637, 552, 187), (621, 550, 171), (619, 549, 171), (617, 549, 171), (645, 548, 128), (620, 546, 57), (631, 532, 166), (623, 531, 146), (651, 505, 155), (645, 509, 91), (649, 445, 119), (655, 454, 144), (646, 406, 47), (647, 419, 69), (646, 396, 56), (646, 407, 66), (644, 399, 65), (645, 409, 39), (645, 402, 47), (646, 414, 56), (685, 392, 89), (672, 396, 89), (652, 305, 141), (645, 323, 148), (682, 217, 123), (672, 256, 256), (695, 202, 126), (685, 245, 262), (650, 199, 193), (642, 229, 242)]
[(623, 539, 199), (629, 548, 196), (633, 549, 196), (637, 549, 196), (620, 548, 180), (618, 548, 180), (616, 548, 180), (644, 546, 139), (617, 545, 68), (631, 530, 176), (622, 530, 155), (651, 502, 159), (642, 506, 74), (649, 440, 119), (654, 451, 121), (645, 406, 44), (645, 415, 48), (645, 396, 52), (644, 402, 43), (642, 399, 63), (643, 406, 18), (643, 403, 45), (645, 409, 36), (685, 390, 88), (671, 394, 88), (652, 303, 139), (643, 323, 155), (682, 216, 123), (672, 258, 273), (695, 202, 126), (685, 247, 281), (650, 199, 196), (643, 229, 260)]
[(622, 536, 205), (628, 545, 201), (632, 546, 201), (636, 546, 201), (619, 546, 185), (616, 546, 185), (614, 546, 185), (644, 543, 140), (614, 543, 72), (629, 527, 180), (620, 527, 160), (650, 500, 159), (638, 503, 71), (649, 438, 119), (653, 448, 116), (644, 405, 60), (644, 414, 39), (644, 396, 70), (644, 401, 34), (641, 399, 81), (641, 406, 8), (642, 403, 62), (644, 408, 26), (684, 390, 88), (668, 393, 88), (651, 303, 142), (640, 322, 144), (682, 217, 132), (672, 257, 254), (695, 202, 135), (685, 247, 261), (650, 198, 209), (643, 227, 235)]
[(621, 535, 214), (627, 544, 211), (631, 544, 211), (635, 545, 211), (618, 544, 195), (615, 545, 195), (612, 545, 195), (643, 542, 152), (613, 542, 82), (628, 526, 190), (618, 526, 169), (649, 499, 169), (637, 503, 62), (649, 437, 129), (652, 448, 109), (644, 404, 68), (643, 413, 33), (644, 395, 77), (643, 402, 29), (641, 398, 88), (640, 405, 3), (642, 401, 69), (643, 408, 20), (684, 390, 88), (668, 393, 88), (651, 303, 148), (639, 322, 154), (682, 217, 149), (671, 258, 272), (695, 202, 153), (684, 248, 280), (650, 198, 229), (642, 227, 257)]
[(619, 533, 211), (625, 542, 207), (629, 542, 207), (633, 542, 207), (616, 542, 192), (613, 542, 192), (610, 542, 192), (640, 539, 148), (610, 539, 80), (625, 523, 187), (616, 523, 167), (649, 496, 167), (635, 500, 61), (650, 435, 132), (649, 446, 106), (644, 401, 85), (641, 412, 26), (644, 391, 97), (641, 399, 20), (641, 393, 107), (639, 401, 5), (642, 398, 87), (640, 405, 13), (684, 388, 87), (666, 392, 87), (650, 302, 144), (638, 320, 147), (681, 217, 137), (670, 258, 267), (695, 202, 140), (684, 247, 274), (650, 198, 226), (640, 226, 251)]
[(616, 531, 209), (622, 539, 199), (625, 540, 199), (629, 540, 200), (613, 539, 186), (610, 539, 186), (607, 540, 186), (637, 536, 136), (607, 536, 73), (622, 521, 183), (612, 521, 167), (646, 493, 160), (631, 495, 66), (649, 433, 133), (648, 441, 112), (643, 399, 99), (640, 408, 32), (643, 390, 114), (639, 397, 26), (640, 394, 123), (638, 396, 0), (641, 397, 101), (639, 401, 19), (683, 387, 87), (665, 389, 87), (649, 301, 136), (639, 316, 148), (682, 217, 120), (671, 254, 264), (695, 202, 123), (684, 243, 272), (650, 198, 208), (640, 224, 245)]
[(614, 524, 220), (619, 534, 213), (622, 534, 213), (626, 534, 213), (610, 534, 198), (607, 534, 198), (604, 533, 198), (633, 531, 148), (603, 530, 85), (620, 515, 194), (610, 515, 176), (645, 487, 167), (622, 489, 54), (648, 426, 162), (642, 437, 99), (643, 390, 151), (637, 402, 12), (643, 377, 170), (638, 388, 4), (641, 380, 178), (634, 387, 23), (641, 383, 153), (636, 391, 1), (682, 384, 87), (662, 386, 87), (646, 298, 145), (638, 314, 75), (682, 216, 121), (671, 244, 171), (695, 202, 125), (688, 238, 176), (651, 197, 208), (642, 218, 134)]
[(611, 520, 282), (615, 531, 275), (619, 531, 275), (623, 531, 275), (607, 530, 262), (604, 530, 262), (602, 530, 262), (631, 528, 205), (601, 528, 147), (617, 511, 253), (608, 512, 236), (644, 483, 204), (615, 490, 5), (647, 422, 195), (629, 439, 43), (642, 387, 190), (628, 405, 36), (645, 370, 210), (629, 391, 46), (642, 374, 224), (628, 391, 74), (641, 378, 194), (629, 395, 50), (680, 385, 80), (655, 387, 80), (645, 298, 163), (630, 315, 58), (682, 216, 153), (668, 245, 166), (695, 202, 158), (684, 239, 172), (651, 197, 251), (639, 219, 123)]
[(608, 519, 252), (613, 530, 247), (616, 530, 247), (620, 530, 247), (605, 529, 233), (603, 529, 233), (600, 529, 233), (629, 527, 180), (601, 527, 119), (615, 511, 225), (607, 511, 208), (644, 484, 188), (611, 490, 17), (645, 425, 171), (627, 443, 55), (641, 390, 158), (629, 406, 39), (643, 376, 176), (628, 394, 52), (640, 379, 188), (628, 394, 79), (640, 383, 161), (629, 398, 53), (681, 386, 77), (655, 387, 77), (646, 298, 158), (630, 315, 21), (682, 216, 145), (667, 239, 108), (695, 202, 149), (683, 233, 111), (652, 197, 236), (639, 216, 58)]
[(605, 516, 266), (610, 526, 259), (614, 526, 259), (618, 526, 259), (602, 527, 249), (600, 527, 249), (597, 527, 249), (626, 524, 185), (597, 524, 138), (611, 507, 236), (603, 508, 222), (641, 483, 182), (604, 487, 8), (643, 425, 172), (618, 445, 9), (638, 392, 174), (621, 414, 95), (640, 378, 194), (623, 403, 109), (638, 382, 206), (623, 404, 133), (637, 384, 178), (624, 407, 107), (679, 386, 71), (651, 387, 71), (645, 298, 157), (627, 315, 2), (682, 216, 150), (666, 240, 81), (695, 202, 155), (680, 233, 84), (652, 196, 245), (637, 216, 28)]
[(602, 515, 262), (607, 525, 244), (611, 525, 244), (615, 525, 244), (599, 525, 247), (597, 525, 247), (595, 525, 247), (623, 522, 156), (595, 522, 124), (608, 506, 221), (600, 507, 219), (639, 483, 157), (604, 485, 18), (640, 426, 176), (613, 445, 32), (635, 396, 224), (620, 412, 81), (638, 381, 253), (622, 400, 98), (635, 387, 263), (623, 402, 122), (635, 387, 228), (624, 405, 94), (679, 385, 74), (650, 386, 74), (641, 299, 175), (614, 315, 30), (680, 217, 181), (665, 249, 121), (695, 203, 186), (678, 244, 126), (651, 196, 268), (637, 218, 85)]
[(600, 511, 246), (605, 521, 236), (609, 521, 236), (613, 521, 236), (597, 520, 228), (594, 520, 228), (592, 521, 229), (619, 519, 149), (591, 518, 115), (606, 502, 214), (597, 503, 203), (635, 481, 146), (591, 482, 5), (638, 427, 165), (599, 443, 19), (633, 395, 187), (618, 410, 76), (636, 382, 213), (620, 399, 92), (634, 384, 222), (621, 401, 116), (632, 388, 191), (621, 404, 88), (670, 384, 69), (641, 383, 69), (633, 299, 170), (612, 314, 25), (676, 223, 159), (660, 249, 61), (691, 211, 157), (675, 243, 66), (650, 197, 225), (637, 217, 16)]
[(596, 507, 237), (601, 518, 224), (605, 519, 224), (608, 519, 224), (592, 517, 217), (590, 517, 217), (588, 517, 217), (615, 518, 140), (588, 515, 100), (602, 499, 202), (594, 500, 192), (633, 479, 134), (592, 480, 17), (637, 420, 144), (600, 440, 33), (631, 395, 173), (614, 408, 72), (634, 383, 197), (617, 398, 89), (631, 385, 206), (617, 399, 113), (630, 389, 177), (618, 402, 85), (666, 382, 70), (639, 381, 70), (626, 302, 176), (609, 314, 54), (669, 227, 124), (660, 250, 32), (683, 218, 120), (673, 241, 37), (649, 198, 183), (637, 216, 14)]
[(595, 508, 214), (601, 519, 203), (605, 519, 203), (609, 519, 203), (592, 517, 195), (589, 517, 195), (587, 517, 195), (615, 517, 123), (586, 515, 84), (602, 499, 182), (593, 500, 171), (632, 479, 125), (591, 480, 22), (634, 421, 139), (596, 440, 40), (629, 395, 176), (611, 408, 64), (632, 383, 203), (614, 398, 81), (629, 385, 211), (614, 399, 104), (629, 389, 180), (615, 402, 76), (664, 381, 68), (636, 380, 68), (625, 302, 179), (610, 312, 59), (668, 228, 108), (660, 250, 30), (682, 220, 103), (672, 240, 35), (649, 197, 164), (637, 214, 18)]
[(590, 505, 167), (595, 515, 157), (598, 516, 157), (602, 516, 157), (586, 514, 148), (584, 514, 148), (582, 514, 148), (609, 515, 88), (581, 512, 47), (596, 497, 140), (588, 497, 128), (629, 477, 99), (583, 478, 49), (633, 422, 129), (594, 438, 65), (626, 395, 182), (608, 406, 35), (630, 382, 210), (608, 394, 54), (626, 385, 216), (608, 395, 78), (624, 389, 185), (609, 399, 48), (651, 380, 63), (625, 378, 63), (624, 302, 145), (613, 312, 37), (658, 229, 92), (664, 252, 32), (669, 221, 90), (672, 240, 35), (639, 197, 157), (655, 219, 17)]
[(586, 501, 220), (590, 510, 210), (594, 511, 210), (598, 511, 210), (582, 510, 202), (580, 510, 202), (578, 510, 202), (605, 509, 132), (578, 508, 98), (592, 492, 190), (584, 493, 180), (625, 474, 118), (579, 474, 11), (632, 420, 148), (587, 436, 36), (626, 391, 201), (598, 406, 65), (628, 378, 226), (599, 394, 82), (624, 379, 234), (599, 395, 105), (624, 382, 204), (600, 399, 77), (645, 379, 60), (621, 377, 60), (621, 303, 132), (616, 309, 24), (646, 229, 66), (661, 248, 45), (656, 222, 63), (670, 240, 48), (626, 197, 136), (655, 217, 17)]
[(578, 496, 247), (582, 506, 238), (586, 507, 238), (589, 508, 238), (575, 504, 227), (572, 504, 227), (570, 503, 227), (597, 505, 163), (571, 502, 115), (585, 487, 217), (577, 486, 203), (621, 469, 152), (576, 465, 3), (628, 412, 161), (586, 422, 25), (616, 382, 189), (595, 397, 84), (616, 371, 212), (596, 387, 102), (612, 376, 221), (596, 389, 126), (611, 380, 192), (597, 392, 97), (649, 374, 62), (624, 372, 63), (618, 303, 129), (617, 305, 3), (626, 218, 80), (659, 248, 78), (635, 203, 80), (671, 239, 81), (602, 196, 164), (655, 218, 18)]
[(572, 490, 267), (577, 500, 258), (580, 501, 258), (583, 502, 258), (568, 498, 248), (566, 498, 248), (563, 498, 248), (592, 499, 178), (564, 496, 135), (580, 481, 235), (571, 480, 223), (617, 467, 156), (567, 457, 22), (621, 408, 170), (583, 408, 12), (605, 382, 224), (595, 386, 127), (606, 373, 252), (598, 379, 149), (605, 378, 261), (596, 382, 170), (605, 381, 228), (597, 386, 138), (650, 371, 59), (621, 367, 60), (616, 302, 177), (614, 302, 26), (611, 210, 151), (654, 248, 145), (616, 191, 154), (667, 240, 153), (583, 196, 262), (653, 216, 81)]
[(571, 489, 180), (575, 499, 169), (579, 500, 169), (583, 500, 169), (567, 498, 160), (565, 497, 160), (562, 497, 160), (590, 498, 91), (562, 494, 51), (578, 481, 150), (570, 480, 138), (616, 466, 90), (563, 456, 52), (621, 411, 117), (583, 411, 67), (608, 383, 223), (593, 387, 42), (610, 372, 227), (596, 376, 63), (605, 378, 240), (595, 379, 85), (605, 381, 225), (596, 383, 54), (648, 369, 61), (616, 363, 61), (616, 298, 169), (607, 301, 8), (610, 207, 146), (649, 249, 123), (616, 187, 149), (668, 243, 128), (585, 196, 242), (653, 216, 66)]
[(562, 482, 111), (566, 493, 100), (569, 494, 100), (573, 495, 100), (557, 490, 90), (555, 489, 90), (552, 488, 90), (582, 494, 32), (554, 486, 11), (571, 474, 85), (561, 471, 72), (611, 464, 44), (558, 444, 100), (606, 407, 37), (572, 394, 102), (593, 382, 40), (586, 376, 0), (592, 372, 57), (591, 369, 18), (587, 375, 71), (590, 374, 30), (588, 380, 44), (590, 377, 6), (650, 364, 61), (615, 358, 61), (614, 299, 252), (607, 300, 40), (589, 208, 307), (645, 251, 122), (592, 181, 316), (666, 242, 125), (549, 173, 418), (641, 217, 68)]
[(553, 476, 57), (557, 486, 46), (560, 488, 46), (564, 489, 46), (549, 483, 35), (546, 483, 35), (544, 483, 35), (573, 489, 16), (546, 481, 65), (563, 468, 33), (554, 466, 19), (604, 463, 13), (555, 435, 148), (596, 409, 24), (574, 382, 125), (581, 373, 27), (580, 366, 0), (580, 362, 49), (581, 357, 23), (575, 366, 57), (579, 364, 34), (576, 370, 29), (581, 367, 6), (652, 361, 63), (617, 352, 63), (612, 298, 225), (606, 295, 33), (583, 200, 213), (648, 243, 123), (588, 184, 214), (666, 239, 131), (547, 167, 300), (646, 209, 78)]
[(542, 463, 122), (545, 473, 120), (548, 474, 120), (551, 476, 120), (538, 471, 102), (535, 471, 102), (533, 471, 102), (560, 478, 17), (538, 472, 1), (552, 456, 104), (544, 454, 81), (589, 458, 101), (562, 441, 123), (571, 403, 79), (571, 382, 150), (561, 365, 12), (566, 356, 63), (561, 357, 24), (564, 342, 54), (559, 359, 29), (563, 348, 34), (559, 361, 11), (566, 352, 52), (651, 355, 82), (619, 352, 82), (608, 286, 155), (602, 288, 75), (570, 189, 158), (650, 242, 185), (570, 167, 160), (667, 236, 195), (534, 176, 231), (651, 206, 159)]
[(533, 453, 115), (534, 464, 112), (537, 465, 112), (540, 467, 112), (529, 461, 94), (527, 461, 94), (526, 461, 94), (550, 470, 59), (532, 462, 16), (542, 448, 96), (536, 445, 72), (579, 455, 97), (558, 429, 149), (560, 404, 89), (559, 377, 177), (552, 367, 65), (555, 349, 64), (564, 359, 81), (549, 341, 52), (553, 360, 88), (554, 343, 33), (554, 362, 66), (555, 347, 53), (647, 351, 79), (616, 344, 79), (609, 277, 84), (591, 278, 101), (595, 197, 68), (601, 199, 94), (599, 193, 82), (612, 187, 96), (546, 177, 27), (559, 187, 173)]
[(532, 453, 104), (534, 463, 99), (536, 464, 99), (538, 466, 99), (527, 461, 82), (526, 461, 82), (524, 461, 82), (548, 470, 46), (530, 462, 30), (541, 448, 83), (534, 445, 61), (578, 455, 82), (555, 427, 157), (559, 406, 130), (563, 374, 175), (548, 364, 143), (554, 348, 46), (550, 355, 166), (549, 339, 30), (546, 354, 168), (548, 343, 10), (549, 358, 142), (553, 345, 34), (648, 352, 76), (615, 343, 76), (612, 276, 52), (586, 278, 170), (621, 222, 183), (570, 186, 192), (616, 221, 207), (577, 164, 198), (612, 197, 158), (550, 179, 295)]
[(516, 440, 68), (516, 450, 76), (517, 451, 76), (520, 453, 76), (512, 448, 53), (511, 448, 53), (511, 448, 53), (530, 459, 66), (520, 452, 32), (525, 436, 63), (521, 434, 33), (560, 448, 115), (543, 419, 148), (533, 406, 149), (550, 364, 200), (534, 354, 134), (543, 334, 123), (532, 339, 161), (537, 325, 115), (527, 342, 155), (534, 332, 95), (530, 345, 139), (544, 333, 113), (643, 340, 92), (608, 338, 92), (595, 269, 139), (570, 279, 162), (558, 171, 87), (593, 225, 173), (565, 156, 82), (616, 223, 112), (526, 159, 160), (614, 199, 59)]
[(507, 431, 33), (506, 440, 44), (507, 441, 44), (509, 443, 44), (503, 438, 20), (503, 437, 20), (503, 437, 20), (520, 449, 58), (513, 442, 54), (517, 428, 36), (514, 425, 3), (558, 444, 120), (539, 406, 143), (528, 418, 269), (560, 354, 186), (506, 361, 369), (536, 331, 112), (504, 349, 408), (524, 317, 104), (504, 350, 396), (528, 328, 84), (506, 354, 367), (531, 331, 101), (640, 338, 95), (605, 334, 95), (587, 269, 156), (565, 276, 63), (584, 184, 78), (611, 223, 20), (589, 172, 70), (627, 219, 12), (556, 151, 130), (602, 191, 12)]
[(494, 418, 57), (492, 429, 62), (494, 431, 62), (495, 433, 62), (490, 425, 40), (490, 425, 40), (490, 425, 41), (505, 438, 60), (497, 429, 43), (505, 417, 54), (501, 412, 24), (547, 436, 118), (530, 391, 126), (512, 422, 266), (547, 338, 116), (480, 364, 333), (511, 322, 51), (474, 352, 369), (504, 315, 76), (474, 352, 356), (501, 321, 94), (477, 355, 329), (505, 325, 64), (634, 333, 89), (599, 327, 89), (582, 270, 168), (552, 275, 61), (557, 182, 121), (548, 178, 42), (569, 166, 118), (573, 175, 40), (539, 154, 196), (524, 146, 98)]
[(494, 403, 87), (490, 416, 89), (491, 419, 89), (493, 421, 89), (487, 411, 70), (486, 410, 70), (485, 409, 70), (501, 428, 78), (491, 414, 37), (503, 404, 73), (499, 399, 50), (544, 431, 125), (526, 376, 83), (501, 424, 268), (544, 322, 104), (467, 366, 341), (496, 311, 12), (458, 354, 378), (483, 308, 31), (459, 352, 363), (482, 318, 50), (464, 355, 337), (484, 321, 24), (634, 327, 88), (597, 322, 88), (574, 270, 219), (551, 276, 12), (550, 168, 261), (584, 200, 5), (561, 151, 267), (599, 194, 0), (520, 136, 354), (565, 170, 16)]
[(494, 405, 91), (490, 416, 94), (491, 418, 94), (492, 420, 94), (488, 412, 74), (487, 411, 74), (486, 410, 74), (501, 428, 79), (492, 416, 22), (502, 406, 82), (499, 401, 56), (540, 429, 129), (525, 379, 88), (495, 425, 296), (540, 328, 68), (464, 366, 355), (497, 325, 97), (457, 354, 390), (486, 321, 115), (459, 352, 370), (478, 327, 124), (463, 355, 350), (482, 331, 106), (634, 327, 89), (599, 322, 89), (571, 269, 190), (558, 274, 101), (550, 167, 192), (605, 207, 169), (559, 150, 195), (616, 199, 175), (520, 138, 275), (599, 179, 143)]
[(485, 388, 109), (481, 401, 111), (482, 404, 111), (484, 407, 111), (478, 395, 89), (478, 394, 89), (477, 394, 89), (493, 416, 103), (484, 402, 0), (495, 389, 106), (492, 384, 75), (532, 421, 143), (522, 365, 74), (482, 424, 287), (537, 310, 86), (448, 362, 333), (479, 306, 0), (442, 351, 367), (464, 304, 9), (443, 348, 347), (462, 312, 18), (446, 351, 328), (467, 313, 6), (632, 323, 87), (599, 318, 87), (563, 268, 180), (556, 275, 98), (550, 164, 160), (611, 243, 173), (558, 148, 160), (618, 214, 180), (519, 139, 268), (607, 188, 153)]
[(480, 381, 136), (476, 393, 138), (477, 396, 138), (478, 399, 138), (473, 387, 116), (472, 386, 116), (471, 385, 116), (487, 408, 124), (478, 393, 23), (490, 382, 131), (487, 377, 101), (529, 417, 162), (515, 360, 54), (478, 422, 319), (535, 302, 72), (442, 357, 384), (475, 295, 40), (435, 344, 421), (461, 292, 57), (436, 340, 401), (459, 300, 66), (440, 343, 379), (464, 302, 48), (631, 323, 82), (597, 313, 82), (561, 269, 255), (544, 270, 17), (549, 166, 235), (603, 229, 57), (559, 151, 234), (615, 213, 61), (517, 139, 310), (596, 188, 18)]
[(474, 374, 137), (470, 385, 137), (472, 388, 137), (473, 391, 137), (466, 380, 116), (466, 379, 116), (465, 378, 116), (482, 400, 113), (471, 385, 15), (484, 374, 128), (480, 369, 99), (523, 407, 151), (507, 355, 64), (472, 410, 311), (527, 297, 29), (435, 347, 369), (472, 290, 159), (427, 333, 405), (458, 286, 186), (427, 330, 385), (456, 293, 192), (433, 333, 364), (459, 296, 168), (627, 316, 79), (591, 308, 79), (549, 270, 277), (535, 271, 56), (545, 168, 260), (596, 226, 38), (556, 153, 259), (610, 213, 37), (516, 137, 344), (589, 189, 98)]
[(469, 373, 74), (466, 385, 72), (467, 388, 72), (468, 390, 72), (462, 379, 53), (461, 378, 53), (461, 377, 53), (478, 397, 50), (468, 383, 39), (480, 374, 66), (476, 368, 40), (518, 402, 103), (504, 349, 104), (465, 403, 279), (518, 295, 79), (431, 338, 328), (467, 282, 113), (423, 325, 369), (455, 279, 120), (423, 322, 354), (453, 286, 100), (429, 324, 329), (456, 290, 107), (626, 312, 74), (589, 302, 74), (545, 276, 273), (533, 278, 58), (545, 167, 311), (596, 236, 90), (556, 150, 314), (612, 214, 94), (515, 136, 393), (591, 191, 156)]
[(467, 372, 90), (464, 384, 87), (466, 386, 88), (467, 389, 87), (461, 379, 69), (460, 378, 69), (459, 378, 69), (476, 396, 66), (466, 384, 37), (479, 373, 76), (474, 366, 52), (516, 400, 132), (503, 351, 87), (467, 401, 310), (516, 300, 72), (432, 337, 372), (472, 283, 78), (423, 324, 409), (458, 277, 97), (424, 321, 391), (457, 283, 105), (429, 323, 369), (459, 288, 87), (623, 310, 75), (589, 304, 75), (533, 277, 211), (533, 274, 22), (544, 167, 272), (581, 214, 58), (557, 151, 292), (597, 203, 57), (513, 137, 294), (563, 181, 65)]
[(465, 367, 118), (461, 379, 116), (462, 381, 116), (464, 384, 116), (458, 374, 96), (457, 373, 96), (456, 372, 96), (472, 391, 86), (464, 379, 14), (476, 368, 106), (472, 362, 79), (513, 397, 146), (500, 345, 84), (462, 397, 333), (515, 288, 45), (427, 332, 399), (471, 279, 138), (420, 317, 436), (456, 273, 161), (423, 316, 415), (452, 282, 165), (426, 316, 394), (457, 284, 146), (621, 310, 76), (587, 300, 76), (538, 276, 236), (531, 275, 10), (544, 166, 268), (588, 214, 38), (557, 150, 273), (604, 205, 41), (512, 136, 348), (575, 183, 96)]
[(463, 365, 118), (459, 376, 118), (460, 379, 118), (462, 381, 118), (456, 371, 98), (455, 370, 98), (454, 369, 98), (469, 390, 96), (460, 378, 3), (473, 366, 109), (470, 359, 81), (509, 394, 146), (495, 346, 75), (461, 392, 315), (514, 289, 19), (426, 329, 376), (471, 278, 185), (419, 313, 413), (457, 270, 211), (420, 310, 393), (453, 279, 217), (425, 313, 371), (458, 282, 194), (617, 308, 75), (580, 299, 75), (535, 276, 259), (531, 275, 9), (544, 166, 284), (590, 230, 8), (557, 151, 287), (606, 212, 8), (509, 137, 362), (579, 191, 60)]
[(460, 363, 103), (456, 374, 108), (457, 377, 108), (458, 379, 108), (454, 370, 84), (453, 369, 84), (452, 369, 84), (465, 386, 95), (459, 376, 8), (470, 365, 100), (467, 359, 69), (506, 392, 149), (494, 345, 82), (459, 389, 327), (512, 287, 42), (427, 323, 393), (472, 275, 134), (420, 308, 430), (454, 268, 154), (421, 305, 408), (455, 276, 160), (426, 308, 387), (457, 280, 142), (614, 306, 76), (579, 299, 76), (534, 275, 247), (529, 272, 11), (545, 163, 249), (592, 238, 46), (558, 150, 251), (613, 228, 49), (512, 135, 329), (595, 202, 2)]
[(460, 361, 104), (456, 372, 108), (456, 375, 108), (457, 377, 108), (453, 368, 85), (453, 367, 85), (452, 366, 85), (464, 385, 102), (458, 373, 8), (470, 363, 101), (468, 357, 69), (504, 391, 156), (496, 343, 82), (458, 388, 335), (511, 287, 89), (426, 323, 407), (470, 273, 26), (419, 309, 445), (452, 268, 38), (420, 304, 424), (452, 273, 49), (425, 307, 402), (455, 277, 35), (613, 306, 80), (580, 299, 80), (525, 275, 227), (531, 272, 55), (546, 164, 188), (593, 232, 103), (559, 151, 185), (613, 224, 107), (513, 136, 247), (594, 199, 68)]
[(461, 360, 118), (457, 372, 123), (458, 375, 123), (458, 377, 123), (454, 368, 99), (453, 367, 99), (452, 366, 99), (466, 385, 118), (459, 373, 5), (471, 362, 116), (467, 356, 83), (505, 389, 173), (495, 342, 74), (459, 387, 363), (510, 286, 76), (425, 321, 446), (468, 271, 55), (418, 306, 487), (452, 266, 72), (420, 302, 466), (449, 274, 81), (425, 305, 441), (457, 275, 64), (612, 305, 82), (579, 299, 82), (525, 274, 230), (525, 269, 62), (546, 164, 200), (595, 232, 120), (559, 151, 198), (614, 224, 125), (513, 136, 264), (594, 198, 85)]
[(460, 360, 99), (456, 371, 104), (457, 373, 105), (458, 376, 105), (454, 367, 80), (453, 366, 80), (452, 366, 80), (466, 384, 107), (459, 373, 11), (470, 361, 98), (467, 355, 64), (505, 389, 163), (494, 342, 90), (458, 387, 345), (508, 288, 110), (426, 324, 426), (468, 270, 1), (418, 309, 465), (452, 265, 8), (420, 305, 444), (451, 272, 19), (429, 311, 421), (458, 274, 7), (613, 303, 83), (579, 297, 83), (522, 273, 216), (523, 267, 64), (545, 163, 202), (596, 231, 103), (558, 150, 201), (614, 225, 106), (513, 134, 267), (594, 199, 64)]
[(460, 357, 103), (456, 369, 114), (457, 371, 114), (458, 373, 114), (454, 364, 86), (453, 364, 86), (452, 363, 86), (466, 382, 119), (459, 371, 5), (470, 359, 106), (467, 353, 68), (505, 388, 172), (494, 342, 86), (459, 386, 369), (506, 289, 97), (426, 323, 451), (471, 275, 15), (418, 309, 493), (455, 272, 41), (419, 306, 471), (453, 274, 58), (428, 312, 446), (459, 276, 32), (612, 302, 87), (580, 297, 87), (521, 273, 197), (535, 265, 120), (544, 163, 175), (598, 228, 191), (558, 149, 173), (619, 230, 198), (514, 135, 235), (595, 198, 166)]
[(461, 358, 110), (457, 369, 119), (458, 371, 119), (459, 374, 119), (455, 364, 93), (454, 363, 93), (453, 363, 93), (467, 382, 120), (459, 370, 3), (471, 359, 111), (468, 353, 75), (506, 388, 171), (495, 342, 75), (460, 386, 366), (505, 290, 69), (426, 323, 449), (471, 276, 62), (421, 310, 490), (454, 269, 79), (422, 308, 469), (455, 277, 90), (428, 312, 444), (461, 279, 73), (612, 301, 86), (580, 296, 86), (522, 273, 197), (538, 265, 121), (544, 163, 174), (598, 227, 188), (558, 149, 172), (618, 229, 194), (513, 135, 230), (594, 198, 165)]
[(460, 361, 99), (456, 372, 107), (457, 374, 107), (458, 377, 107), (453, 367, 82), (453, 367, 82), (452, 366, 82), (466, 384, 111), (459, 373, 5), (470, 362, 99), (467, 356, 66), (505, 389, 166), (495, 342, 89), (459, 387, 359), (505, 291, 97), (426, 322, 448), (472, 277, 21), (419, 308, 489), (456, 271, 29), (420, 305, 469), (457, 279, 39), (425, 309, 443), (462, 281, 29), (610, 302, 90), (580, 297, 90), (525, 270, 185), (552, 259, 208), (544, 163, 170), (608, 232, 308), (558, 149, 168), (625, 231, 317), (513, 135, 225), (600, 198, 300)]
[(461, 361, 101), (456, 373, 107), (457, 375, 107), (458, 378, 107), (454, 368, 83), (453, 367, 83), (453, 367, 83), (467, 385, 111), (459, 373, 3), (470, 363, 100), (467, 357, 67), (505, 389, 168), (496, 343, 89), (458, 386, 356), (505, 292, 76), (426, 321, 438), (471, 274, 77), (418, 307, 480), (457, 270, 91), (419, 304, 459), (456, 275, 102), (424, 308, 433), (461, 277, 87), (610, 303, 91), (581, 298, 91), (526, 267, 179), (552, 260, 220), (544, 163, 164), (607, 231, 323), (558, 148, 163), (624, 234, 333), (513, 136, 220), (599, 201, 317)]
[(460, 362, 93), (456, 374, 102), (457, 376, 102), (458, 379, 103), (453, 369, 77), (453, 368, 77), (452, 368, 77), (466, 386, 111), (458, 374, 5), (470, 364, 95), (467, 357, 60), (503, 390, 170), (496, 343, 96), (459, 385, 354), (506, 292, 118), (428, 320, 440), (471, 272, 12), (419, 306, 482), (461, 264, 6), (419, 304, 461), (456, 272, 8), (424, 306, 434), (461, 274, 2), (610, 303, 96), (581, 298, 95), (527, 263, 160), (552, 261, 238), (543, 163, 139), (606, 231, 346), (558, 147, 137), (623, 234, 357), (513, 136, 188), (597, 202, 347)]
[(461, 363, 88), (456, 374, 100), (457, 377, 100), (458, 379, 100), (454, 370, 73), (453, 370, 73), (453, 369, 73), (466, 386, 116), (459, 377, 8), (470, 365, 92), (468, 360, 55), (504, 391, 177), (496, 346, 99), (460, 383, 355), (507, 297, 106), (428, 319, 439), (472, 273, 21), (420, 304, 484), (464, 266, 32), (420, 303, 461), (458, 271, 45), (425, 305, 433), (461, 275, 31), (611, 304, 97), (582, 299, 97), (532, 260, 157), (554, 261, 234), (543, 163, 121), (608, 232, 359), (558, 147, 117), (626, 235, 372), (513, 136, 170), (600, 203, 360)]
[(461, 367, 67), (456, 375, 83), (457, 377, 83), (458, 379, 83), (454, 374, 52), (454, 374, 52), (453, 374, 52), (466, 388, 113), (459, 382, 31), (470, 368, 75), (468, 365, 34), (504, 398, 177), (496, 353, 119), (465, 381, 365), (506, 305, 131), (435, 319, 450), (480, 274, 22), (429, 305, 496), (477, 271, 15), (430, 304, 472), (474, 274, 2), (433, 307, 444), (476, 277, 10), (611, 307, 102), (583, 301, 102), (526, 262, 158), (542, 270, 150), (543, 163, 117), (605, 240, 207), (558, 146, 114), (621, 228, 211), (512, 137, 166), (592, 197, 186)]
[(460, 371, 62), (456, 380, 75), (457, 382, 75), (458, 384, 75), (454, 378, 45), (454, 379, 45), (453, 379, 45), (466, 394, 99), (461, 387, 42), (470, 371, 68), (467, 368, 27), (505, 404, 174), (498, 361, 128), (483, 382, 376), (515, 307, 123), (449, 320, 486), (505, 275, 9), (445, 304, 537), (507, 271, 20), (447, 302, 514), (502, 275, 30), (449, 305, 480), (511, 277, 20), (611, 308, 103), (587, 302, 103), (525, 266, 169), (530, 280, 92), (543, 163, 136), (605, 246, 123), (559, 146, 132), (618, 239, 125), (512, 137, 184), (591, 197, 91)]
[(459, 374, 39), (456, 383, 52), (457, 385, 52), (457, 387, 52), (454, 382, 23), (454, 382, 23), (453, 383, 23), (466, 396, 76), (461, 390, 60), (468, 373, 46), (466, 370, 6), (505, 406, 160), (499, 361, 145), (488, 383, 374), (516, 309, 163), (452, 320, 466), (508, 279, 55), (447, 304, 513), (508, 272, 48), (447, 302, 490), (504, 275, 28), (451, 306, 460), (506, 278, 43), (611, 308, 102), (589, 302, 102), (527, 267, 168), (526, 279, 79), (544, 163, 139), (602, 244, 126), (560, 146, 137), (613, 228, 131), (512, 138, 196), (586, 194, 98)]
[(460, 384, 91), (456, 395, 103), (458, 398, 104), (460, 400, 104), (454, 393, 77), (454, 393, 77), (453, 393, 77), (471, 408, 106), (461, 397, 12), (469, 382, 88), (467, 379, 54), (510, 408, 158), (494, 370, 134), (507, 347, 188), (507, 314, 103), (495, 317, 117), (501, 292, 31), (495, 301, 131), (500, 282, 42), (490, 302, 134), (499, 290, 48), (493, 306, 114), (502, 294, 37), (613, 313, 98), (589, 304, 98), (533, 267, 149), (527, 277, 64), (545, 160, 141), (611, 247, 111), (560, 144, 144), (629, 244, 117), (509, 135, 198), (631, 224, 102)]
[(460, 393, 117), (458, 405, 127), (460, 407, 127), (462, 410, 127), (455, 402, 101), (454, 402, 101), (453, 402, 101), (474, 417, 124), (462, 408, 6), (470, 391, 113), (467, 388, 79), (519, 412, 162), (493, 381, 101), (534, 353, 219), (512, 328, 76), (518, 321, 196), (513, 297, 74), (513, 311, 218), (512, 284, 90), (507, 314, 216), (512, 291, 106), (508, 316, 194), (514, 296, 85), (615, 319, 97), (589, 310, 97), (536, 269, 155), (529, 273, 56), (545, 160, 145), (616, 248, 109), (560, 144, 149), (642, 251, 114), (509, 135, 205), (634, 224, 99)]
[(465, 405, 136), (464, 417, 140), (466, 419, 140), (469, 421, 140), (458, 413, 120), (457, 413, 120), (456, 413, 120), (480, 429, 123), (464, 419, 30), (475, 404, 127), (470, 400, 101), (526, 422, 151), (493, 386, 68), (567, 370, 221), (522, 329, 73), (567, 325, 286), (506, 295, 58), (569, 315, 318), (506, 283, 72), (560, 314, 313), (499, 289, 92), (557, 315, 285), (502, 294, 70), (612, 330, 88), (585, 317, 88), (536, 269, 149), (550, 269, 120), (545, 161, 134), (630, 247, 229), (558, 146, 134), (647, 248, 240), (510, 137, 191), (638, 227, 221)]
[(468, 414, 287), (468, 426, 290), (471, 428, 290), (474, 430, 290), (463, 423, 269), (461, 422, 269), (459, 423, 269), (486, 437, 259), (470, 428, 165), (481, 412, 272), (473, 408, 245), (536, 426, 260), (495, 395, 31), (585, 386, 266), (530, 336, 43), (611, 333, 300), (504, 297, 49), (623, 319, 344), (491, 283, 63), (611, 314, 356), (484, 288, 87), (608, 317, 307), (490, 293, 63), (612, 336, 78), (581, 327, 78), (578, 268, 220), (540, 264, 49), (611, 248, 12), (550, 170, 0), (612, 244, 37), (559, 155, 2), (639, 224, 19), (520, 144, 53)]
[(469, 415, 225), (469, 426, 231), (472, 428, 231), (475, 430, 231), (464, 423, 208), (463, 423, 208), (461, 423, 208), (487, 438, 217), (471, 429, 112), (482, 412, 217), (476, 409, 187), (537, 429, 230), (496, 395, 6), (585, 390, 264), (530, 338, 57), (613, 335, 310), (503, 295, 1), (626, 319, 342), (484, 283, 5), (615, 314, 350), (477, 288, 39), (611, 317, 312), (484, 292, 15), (612, 334, 75), (579, 326, 75), (591, 267, 204), (535, 259, 51), (618, 251, 39), (544, 165, 17), (628, 241, 63), (553, 149, 15), (646, 228, 39), (515, 137, 72)]
[(477, 427, 232), (477, 439, 241), (480, 441, 241), (483, 443, 242), (473, 436, 218), (472, 436, 218), (471, 436, 218), (495, 450, 240), (481, 441, 134), (491, 424, 228), (485, 421, 198), (551, 433, 258), (505, 406, 9), (609, 391, 287), (531, 346, 59), (633, 333, 312), (501, 302, 10), (646, 318, 348), (485, 285, 15), (635, 313, 365), (478, 288, 47), (630, 317, 322), (485, 293, 25), (617, 332, 79), (582, 331, 79), (572, 262, 115), (534, 264, 121), (560, 180, 5), (550, 193, 233), (571, 166, 3), (562, 183, 242), (529, 154, 52), (520, 163, 214)]
[(485, 439, 272), (485, 451, 278), (488, 453, 278), (491, 455, 279), (481, 448, 254), (480, 448, 254), (479, 449, 255), (504, 460, 265), (490, 454, 156), (498, 436, 264), (491, 433, 232), (562, 438, 280), (511, 415, 12), (622, 393, 311), (535, 358, 68), (643, 332, 348), (504, 310, 7), (654, 318, 386), (490, 292, 6), (641, 310, 394), (486, 293, 29), (636, 314, 352), (491, 299, 8), (620, 331, 90), (584, 333, 90), (568, 256, 143), (533, 264, 78), (550, 162, 40), (544, 170, 177), (560, 148, 33), (555, 156, 185), (517, 138, 91), (515, 142, 151)]
[(501, 453, 230), (503, 465, 233), (505, 467, 233), (508, 469, 233), (498, 462, 210), (496, 462, 210), (496, 462, 210), (523, 474, 214), (505, 466, 106), (513, 450, 219), (507, 447, 188), (576, 450, 253), (523, 423, 15), (630, 401, 275), (543, 364, 96), (645, 340, 322), (514, 320, 15), (656, 323, 356), (504, 299, 6), (645, 318, 364), (501, 303, 28), (641, 325, 324), (504, 309, 1), (629, 331, 90), (592, 330, 90), (570, 257, 200), (534, 269, 28), (616, 210, 8), (545, 165, 33), (629, 215, 31), (556, 152, 38), (613, 175, 26), (517, 136, 6)]
